COMMON/visual_exe/grid.grd
DSAA
          91         134
  -72.20000      -69.50000    
  -22.50000      -18.50000    
        -999         999
[rows 81 to 107 of 134, columns 0 to 58 of 91]
-999.0000 -999.0000 -999.0000 -999.0000 -999.0000 -999.0000 -999.0000 -999.0000 -999.0000 -999.0000 -999.0000 -999.0000 -999.0000 -3.012223 -2.791751 -3.095288 -3.208492 -3.354531 -4.547370 -5.238423 -5.102546 -4.941566 -4.881679 -4.763743 -4.425096 -4.080615 -3.821087 -4.060995 -4.657602 -4.927619 -4.949120 -4.439248 -3.688201 -2.739974 -1.394388 0.1195141 1.432277 2.280101 2.734593 3.020714 2.897238 2.768358 3.009548 2.890674 2.630870 2.854811 3.425260 4.077244 4.771428 5.119625 4.288483 3.522771 3.289975 3.350655 3.523050 3.397974 3.006811 2.682162 2.141376
-999.0000 -999.0000 -999.0000 -999.0000 -999.0000 -999.0000 -999.0000 -999.0000 -999.0000 -999.0000 -999.0000 -999.0000 -999.0000 -2.806602 -3.231146 -3.451251 -3.559350 -3.889220 -5.086739 -5.667990 -5.458912 -5.180978 -4.980209 -4.688410 -4.267691 -3.747784 -3.647303 -3.799268 -4.193676 -4.573149 -4.861525 -4.587417 -3.769085 -2.729634 -1.513820 -0.2723280 0.9092780 2.165580 2.934087 3.410722 3.348810 3.189735 3.499952 3.538556 3.433765 3.812690 4.278970 4.664423 4.856990 4.490095 3.769576 2.998371 2.656839 2.674239 3.018568 3.507975 3.209771 2.751334 1.901885
-999.0000 -999.0000 -999.0000 -999.0000 -999.0000 -999.0000 -999.0000 -999.0000 -999.0000 -999.0000 -999.0000 -999.0000 -999.0000 -3.205625 -2.475204 -2.894449 -3.595003 -4.233705 -5.427034 -5.984307 -5.724151 -5.402110 -4.962878 -4.291672 -3.833009 -3.484929 -3.607200 -3.980182 -4.354921 -4.631964 -4.874754 -4.812069 -4.040251 -2.928919 -1.761328 -0.5910774 0.6073489 1.799425 2.702085 3.275591 3.478543 3.547165 3.887307 4.214470 4.270251 4.576841 4.942789 4.969021 4.635380 3.918861 3.045147 2.088582 1.681186 1.770287 2.461073 3.295259 3.222903 2.439939 1.480051
-999.0000 -999.0000 -999.0000 -999.0000 -999.0000 -999.0000 -999.0000 -999.0000 -999.0000 -999.0000 -999.0000 -999.0000 -999.0000 -2.924133 -2.210031 -1.852786 -2.698689 -4.246930 -5.718121 -6.201643 -5.890670 -5.466385 -4.660475 -3.673650 -3.398170 -3.368027 -3.884171 -4.347178 -4.765146 -4.999200 -5.094022 -5.027958 -4.359966 -3.224965 -2.110266 -0.9358432 0.3175733 1.191260 1.998403 2.841107 3.322257 3.566677 3.937284 4.546823 4.920251 5.035287 4.992841 4.509775 3.727793 3.006952 1.861763 0.9147146 0.4818206 0.9430804 1.799825 2.980186 3.115712 2.024080 0.7313678
-999.0000 -999.0000 -999.0000 -999.0000 -999.0000 -999.0000 -999.0000 -999.0000 -999.0000 -999.0000 -999.0000 -999.0000 -999.0000 -0.6883886 -0.5207861 -0.5177310 -1.823448 -4.208020 -5.645635 -5.857104 -5.702708 -5.065959 -4.108432 -3.285091 -3.170588 -3.568550 -4.103796 -4.741474 -5.237871 -5.404019 -5.343275 -5.206886 -4.476433 -3.416108 -2.440364 -1.295202 -8.8035122E-02 0.7026970 1.378942 2.197134 3.053524 3.640583 4.094477 4.652937 4.912189 5.004064 4.509455 3.355988 2.355034 1.536101 0.3960464 -0.5609182 -0.9732062 -0.2768500 0.9058682 2.266753 2.555277 1.292271 0.1062149
-999.0000 -999.0000 -999.0000 -999.0000 -999.0000 -999.0000 -999.0000 -999.0000 -999.0000 -999.0000 -999.0000 -999.0000 -999.0000 0.0000000E+00 -0.1096374 -1.8461565E-02 -1.624355 -4.375083 -5.403913 -5.455711 -5.228971 -4.364679 -3.426273 -2.982526 -3.123054 -3.746795 -4.381804 -4.940206 -5.285913 -5.382207 -5.126378 -4.656401 -4.109712 -3.370874 -2.486161 -1.577992 -0.4117714 0.3954580 1.005835 1.790040 2.800603 3.733303 4.317106 4.738232 5.072736 4.809999 3.850408 2.306878 0.9167289 -8.7031640E-02 -0.9775692 -1.846942 -2.195437 -1.485570 -0.1537957 1.207927 1.347489 0.7133496 -0.3999640
-999.0000 -999.0000 -999.0000 -999.0000 -999.0000 -999.0000 -999.0000 -999.0000 -999.0000 -999.0000 -999.0000 -999.0000 -999.0000 -0.6073883 -0.5753486 -0.2391049 -2.535347 -4.871064 -5.094457 -4.913584 -4.578897 -3.711795 -2.969480 -2.885093 -3.181782 -3.810580 -4.356787 -4.748838 -4.858148 -4.750549 -4.256821 -3.725502 -3.513852 -3.273843 -2.612803 -1.777489 -0.8002324 -3.7446439E-02 0.5612063 1.445276 2.632590 3.735946 4.402035 4.786910 5.131289 4.401267 3.042247 0.8972122 -0.4806710 -1.480582 -2.467045 -3.325823 -3.460843 -2.754834 -1.452147 -0.1624536 0.5327157 0.4023305 -0.5029463
-999.0000 -999.0000 -999.0000 -999.0000 -999.0000 -999.0000 -999.0000 -999.0000 -999.0000 -999.0000 -999.0000 -999.0000 -3.013211 -2.649246 -2.402394 -2.486532 -4.350569 -4.934299 -4.639812 -4.182645 -3.587571 -3.057994 -2.804409 -2.838395 -3.173362 -3.626264 -3.885482 -3.901076 -3.723018 -3.389245 -3.088392 -3.279726 -3.472292 -3.368438 -2.782882 -2.088394 -1.229754 -0.3343493 0.2798550 1.176598 2.571571 3.763532 4.525106 4.928423 5.295684 4.174121 2.024542 -0.4560693 -1.723440 -2.952227 -4.034532 -4.569087 -4.617816 -3.649927 -2.585634 -1.311804 -0.2903854 0.1105552 -6.3850038E-02
-999.0000 -999.0000 -999.0000 -999.0000 -999.0000 -999.0000 -999.0000 -999.0000 -999.0000 -999.0000 -999.0000 -999.0000 -3.124831 -2.595700 -2.227892 -3.366016 -4.433865 -4.298219 -3.935130 -3.424507 -2.917198 -2.716152 -2.641474 -2.699300 -2.826273 -2.876156 -2.871921 -2.638891 -2.308819 -2.283119 -2.552519 -3.061506 -3.525297 -3.530580 -3.178812 -2.577904 -1.735079 -0.9020377 -0.2199859 0.8599655 2.476849 3.804887 4.653601 5.164412 5.581635 3.893117 1.060215 -1.677775 -3.087626 -4.298971 -5.319762 -5.871004 -5.641404 -4.767505 -3.787145 -2.318446 -0.3130875 0.8623333 0.8796893
-999.0000 -999.0000 -999.0000 -999.0000 -999.0000 -999.0000 -999.0000 -999.0000 -999.0000 -999.0000 -999.0000 -999.0000 -1.503077 -1.550568 -1.980526 -3.632818 -4.020462 -3.593755 -3.157997 -2.750540 -2.507042 -2.480603 -2.295986 -2.115174 -1.934372 -1.659027 -1.400764 -0.9397631 -0.8689985 -1.439876 -2.363005 -3.329533 -3.769068 -3.874195 -3.600001 -3.018788 -2.153877 -1.393639 -0.5997563 0.5044387 2.357931 3.820821 4.862460 5.630210 5.900009 3.729951 0.4367906 -2.428861 -4.428330 -5.448025 -6.417707 -6.739175 -6.541748 -5.867518 -4.756458 -2.952817 0.3310964 2.411983 2.445903
-999.0000 -999.0000 -999.0000 -999.0000 -999.0000 -999.0000 -999.0000 -999.0000 -999.0000 -999.0000 -999.0000 -999.0000 -999.0000 -1.460882 -2.341238 -3.924908 -3.455987 -2.669189 -2.275472 -2.058728 -1.938852 -1.793355 -1.498234 -0.8416340 -0.3235276 4.1637652E-02 0.1384391 0.1244815 -0.4494098 -1.403254 -2.732346 -3.672620 -4.063229 -4.388566 -4.110157 -3.473723 -2.612853 -1.708823 -0.8420832 0.4030733 2.263586 3.765595 5.184156 5.942333 5.690250 3.113333 -0.1388706 -3.190018 -5.055379 -6.450156 -7.225781 -7.664581 -7.444969 -6.805920 -5.524790 -3.288052 2.5229478E-02 2.247284 2.364512
-999.0000 -999.0000 -999.0000 -999.0000 -999.0000 -999.0000 -999.0000 -999.0000 -999.0000 -999.0000 -999.0000 -999.0000 -999.0000 -1.027068 -2.402464 -3.158612 -2.623441 -1.657320 -1.297210 -1.301471 -1.125074 -0.7879953 -0.1953292 0.5974454 0.8196101 0.8960800 0.9503679 0.5180641 -0.4910195 -1.916621 -3.261809 -3.975783 -4.467135 -4.814400 -4.459282 -3.825753 -2.911949 -1.851985 -1.004906 8.8301770E-02 1.920827 3.479389 5.184715 6.009984 5.375851 2.360811 -0.7175829 -3.741072 -5.841553 -7.240376 -8.048697 -8.270129 -8.137937 -7.460610 -6.043005 -3.441707 -0.6669243 1.547219 0.9531782
-999.0000 -999.0000 -999.0000 -999.0000 -999.0000 -999.0000 -999.0000 -999.0000 -999.0000 -999.0000 -999.0000 -999.0000 -999.0000 -0.9008666 -2.276413 -2.034761 -1.234320 -0.2314208 -0.1607757 -0.3574054 -0.2038149 0.2497596 0.7225960 0.7394357 0.7286624 0.8419126 1.077611 0.3254323 -1.221845 -2.589599 -3.670112 -4.415170 -4.822825 -5.118762 -4.805285 -4.074127 -3.149597 -1.981237 -1.061366 -1.2557894E-02 1.817223 3.534787 5.404748 5.947825 4.848893 1.824976 -1.195620 -3.954626 -6.177718 -7.719496 -8.407256 -8.654713 -8.418460 -7.909023 -6.036794 -3.663043 -1.567468 0.3980799 0.5035049
-999.0000 -999.0000 -999.0000 -999.0000 -999.0000 -999.0000 -999.0000 -999.0000 -999.0000 -999.0000 -999.0000 -999.0000 -999.0000 -999.0000 -1.190763 -0.2978174 0.4698882 1.222042 1.009702 0.6004830 0.2759023 4.8865989E-02 -0.2574393 -0.4709218 -0.5191133 -5.3717270E-03 5.1223055E-02 -0.9849424 -2.560974 -3.163906 -3.653923 -4.731223 -4.947571 -5.190018 -5.205036 -4.471066 -3.644487 -2.329705 -1.066560 0.1173081 1.768836 3.603339 5.416831 5.927740 4.144328 1.431373 -1.466485 -3.981991 -6.157606 -7.459581 -8.436081 -8.651333 -8.238552 -7.412047 -6.343924 -4.498997 -1.883025 3.6214244E-02 0.5986223
-999.0000 -999.0000 -999.0000 -999.0000 -999.0000 -999.0000 -999.0000 -999.0000 -999.0000 -999.0000 -999.0000 -999.0000 -999.0000 -999.0000 9.6396752E-02 0.7761262 1.350231 1.535670 1.170874 0.2636408 -0.4077466 -1.143566 -1.705989 -2.299143 -2.424032 -1.847737 -1.799597 -2.882832 -4.396329 -4.696190 -4.885876 -5.505486 -5.783684 -6.003248 -5.758574 -5.080450 -4.247789 -2.999398 -1.738102 -0.2352610 1.640299 3.571764 5.189231 5.034376 3.410673 1.109890 -1.430186 -3.813125 -5.590665 -6.912807 -7.749445 -8.247993 -7.961375 -7.285971 -6.666940 -4.757098 -2.031189 0.3935388 2.246378
-999.0000 -999.0000 -999.0000 -999.0000 -999.0000 -999.0000 -999.0000 -999.0000 -999.0000 -999.0000 -999.0000 -999.0000 -999.0000 0.1929454 0.4151466 1.073086 1.530420 1.128028 -6.1085239E-02 -1.213525 -2.266059 -3.054252 -3.691996 -4.368319 -4.532937 -4.427910 -4.467388 -5.110229 -6.237249 -6.784390 -7.065737 -6.811182 -6.937966 -6.781682 -6.330799 -5.706791 -4.942441 -3.871876 -2.456018 -0.7856965 1.311187 3.327711 4.626916 4.024092 2.702400 0.7944585 -1.394294 -3.474900 -4.994016 -6.183387 -7.002865 -7.499411 -7.597659 -7.253969 -6.917976 -4.767264 -2.315812 -0.4019879 1.906285
-999.0000 -999.0000 -999.0000 -999.0000 -999.0000 -999.0000 -999.0000 -999.0000 -999.0000 -999.0000 -999.0000 -999.0000 -999.0000 -999.0000 0.3034332 0.6811313 0.8741497 0.4489402 -0.9907678 -2.531992 -3.717465 -4.643419 -5.564891 -6.098647 -6.359290 -6.443429 -6.502897 -7.014733 -7.619792 -7.563996 -7.789055 -7.652098 -7.343195 -7.121132 -6.875896 -6.166307 -5.449303 -4.336999 -2.925923 -1.027753 1.018631 2.805666 3.517469 3.101529 2.335337 0.6487156 -1.165666 -2.928201 -4.391224 -5.556873 -6.327131 -6.830999 -6.821459 -6.433241 -5.996852 -4.582437 -2.625082 -0.6506854 2.174656
-999.0000 -999.0000 -999.0000 -999.0000 -999.0000 -999.0000 -999.0000 -999.0000 -999.0000 -999.0000 -999.0000 -999.0000 -999.0000 -999.0000 -5.6035109E-02 0.1215918 0.2870723 1.2411969E-02 -1.392401 -2.846694 -4.211716 -5.481090 -6.757186 -7.277289 -7.577100 -8.004605 -8.193459 -9.059513 -8.801817 -7.295634 -7.963055 -8.179996 -7.662789 -7.546036 -7.227578 -6.460439 -5.635088 -4.487910 -2.968506 -1.068936 0.6368108 2.283542 2.735821 2.628230 2.103633 0.9011452 -0.6885343 -2.473250 -3.950765 -4.959499 -5.678073 -6.038649 -5.979413 -5.463496 -4.805781 -3.725192 -1.915566 0.3605873 2.989507
-999.0000 -999.0000 -999.0000 -999.0000 -999.0000 -999.0000 -999.0000 -999.0000 -999.0000 -999.0000 -999.0000 -999.0000 -999.0000 -999.0000 -0.6355170 -0.4850774 -0.2085747 -0.2715655 -1.587503 -2.950273 -4.298995 -5.806884 -7.003264 -7.674320 -8.329789 -9.059264 -9.395001 -9.975278 -10.29632 -8.645039 -7.959571 -8.658064 -8.248014 -7.643378 -7.134172 -6.454481 -5.714311 -4.345732 -2.663406 -0.8917245 0.6659843 1.795913 2.084416 2.272201 2.163672 1.317081 -0.2811605 -2.201061 -3.325833 -4.068283 -4.766733 -5.083856 -4.915077 -4.446498 -3.645187 -2.725385 -0.9908199 1.458251 4.346856
-999.0000 -999.0000 -999.0000 -999.0000 -999.0000 -999.0000 -999.0000 -999.0000 -999.0000 -999.0000 -999.0000 -999.0000 -999.0000 -999.0000 -1.059660 -0.9223960 -0.7856822 -0.9260676 -2.009718 -3.265122 -4.480392 -5.780926 -6.944913 -7.760222 -8.551497 -9.060877 -9.378638 -9.780686 -10.23704 -9.442787 -8.762444 -9.127230 -8.691293 -7.757727 -7.225983 -6.726836 -5.655953 -4.176394 -2.564132 -0.7929509 0.5622262 1.235838 1.640110 2.055800 2.206329 1.552693 0.2260475 -1.381716 -2.226069 -2.805012 -3.455035 -3.746737 -3.501358 -3.120584 -2.459046 -1.296723 -8.6142622E-02 2.330340 4.875940
-999.0000 -999.0000 -999.0000 -999.0000 -999.0000 -999.0000 -999.0000 -999.0000 -999.0000 -999.0000 -999.0000 -999.0000 -999.0000 -999.0000 -1.145943 -0.9697957 -1.189005 -1.575058 -2.477127 -3.636235 -4.714911 -5.680838 -6.670826 -7.502819 -8.218357 -8.773617 -9.184240 -9.315037 -9.343062 -9.483237 -9.441266 -8.940048 -8.268932 -7.400289 -7.260278 -6.682285 -5.468796 -3.985353 -2.543026 -0.9571099 9.5718235E-02 0.6126205 1.228444 1.804984 1.987856 1.611657 0.7682730 -0.4983186 -1.043319 -1.441184 -1.919319 -2.071509 -1.720958 -1.216370 -0.7915830 -0.1170003 0.9684730 2.639628 4.711566
-999.0000 -999.0000 -999.0000 -999.0000 -999.0000 -999.0000 -999.0000 -999.0000 -999.0000 -999.0000 -999.0000 -999.0000 -999.0000 -999.0000 -1.649823 -1.127034 -1.503935 -1.777051 -2.635011 -3.949671 -4.862424 -5.769267 -6.650472 -7.415427 -8.018922 -8.391099 -8.474747 -8.391456 -8.261204 -8.097373 -7.965302 -7.852354 -7.130112 -6.424927 -6.519730 -6.000404 -5.092931 -3.650599 -2.338286 -0.9838678 -0.3750150 0.1188377 0.8651246 1.559533 1.837214 1.746349 1.087686 0.2753127 -5.0677180E-02 -5.0941706E-02 -0.2696737 -0.3603573 -0.1508233 0.3939068 1.040387 1.668485 2.069959 3.085272 4.533820
-999.0000 -999.0000 -999.0000 -999.0000 -999.0000 -999.0000 -999.0000 -999.0000 -999.0000 -999.0000 -999.0000 -999.0000 -999.0000 -999.0000 -999.0000 -1.024941 -1.212997 -2.529665 -3.442611 -4.401365 -5.292217 -6.122991 -6.967010 -7.559076 -8.042170 -8.138920 -7.782240 -7.388099 -6.812681 -6.492800 -6.312302 -6.179312 -5.840576 -5.757231 -5.643974 -5.165878 -4.409679 -3.275636 -2.058355 -1.135732 -0.6968189 -0.3275958 0.5265930 1.269974 1.722844 1.937957 1.703299 1.118958 1.043549 1.301367 1.078570 0.9651802 1.097026 1.491243 1.919632 2.442253 1.962505 1.752256 2.955326
-999.0000 -999.0000 -999.0000 -999.0000 -999.0000 -999.0000 -999.0000 -999.0000 -999.0000 -999.0000 -999.0000 -999.0000 -999.0000 -999.0000 -999.0000 -0.7797677 2.4676217E-02 -0.9654121 -2.378677 -3.955857 -5.651699 -6.595161 -7.412025 -8.164802 -8.432962 -8.299028 -7.525585 -6.590485 -5.696466 -5.130580 -4.882162 -4.733804 -4.513186 -4.648256 -4.658604 -4.315461 -3.791772 -2.889997 -1.937992 -1.348085 -0.8597792 -0.2771178 0.4636691 1.098928 1.810100 2.281260 2.268122 1.925293 1.970317 2.163622 2.006261 1.881909 1.603274 1.386460 1.344521 2.222130 2.576126 1.961374 3.608986
-999.0000 -999.0000 -999.0000 -999.0000 -999.0000 -999.0000 -999.0000 -999.0000 -999.0000 -999.0000 -999.0000 -999.0000 -999.0000 -999.0000 -999.0000 -2.120873 -0.3196906 -0.1495725 -1.107194 -3.367073 -5.234520 -5.435748 -6.794873 -8.501669 -8.906498 -8.632836 -7.973718 -6.652806 -5.023422 -4.395631 -4.089737 -3.683172 -3.063183 -3.273813 -3.550641 -3.466694 -3.204421 -2.590468 -1.986156 -1.485425 -0.8674799 -0.1555292 0.2969537 0.8162095 1.658339 2.421062 2.661949 2.373050 2.293471 2.261263 2.194365 1.925504 1.552369 0.7480866 0.6231064 1.091001 1.541348 2.236619 3.526399
-999.0000 -999.0000 -999.0000 -999.0000 -999.0000 -999.0000 -999.0000 -999.0000 -999.0000 -999.0000 -999.0000 -999.0000 -999.0000 -999.0000 -999.0000 -1.189278 -0.9752009 -0.8215594 -1.227695 -2.319327 -4.012138 -3.870590 -4.374710 -7.282060 -8.884772 -9.083943 -8.494925 -6.985501 -5.200401 -4.121586 -3.615540 -3.060026 -2.791408 -2.710013 -2.895537 -2.897128 -2.791278 -2.412711 -2.048610 -1.475216 -0.9973924 -0.6110973 -0.3097822 0.1022322 1.009537 1.768330 2.088146 2.157902 1.933751 1.905958 1.865354 1.573921 1.054859 0.1158017 -0.1128323 0.2878660 0.6432911 0.3514767 0.9683275
-999.0000 -999.0000 -999.0000 -999.0000 -999.0000 -999.0000 -999.0000 -999.0000 -999.0000 -999.0000 -999.0000 -999.0000 -999.0000 -999.0000 -999.0000 -0.5470061 0.9861435 0.2853212 -0.3820411 -1.298380 -3.757176 -3.968583 -3.921551 -6.137201 -8.346024 -9.175039 -8.617499 -7.050994 -5.317917 -4.306309 -3.408491 -2.856504 -2.523825 -2.541585 -2.599484 -2.540982 -2.462819 -2.174492 -1.912177 -1.522276 -1.359376 -1.246246 -1.160730 -0.6480006 0.3326665 1.179930 1.680904 1.973342 1.838253 1.609194 1.343043 0.9353751 0.6956322 4.5491919E-02 -1.120941 -1.686057 -0.5222029 -0.8818451 -0.2444256
