COMMON/visual_exe/grid.grd
DSAA
          91         134
  -72.20000      -69.50000    
  -22.50000      -18.50000    
        -999         999
[rows 27 to 53 of 134, columns 0 to 58 of 91]
-999.0000 -999.0000 -999.0000 -999.0000 -999.0000 -999.0000 -999.0000 -999.0000 -999.0000 -999.0000 -999.0000 -999.0000 -999.0000 -999.0000 -999.0000 -999.0000 -999.0000 -999.0000 -999.0000 -999.0000 -999.0000 -999.0000 -0.6941702 -0.6856351 -0.5407937 -0.4142762 5.8970250E-02 1.091877 2.504347 2.227821 1.622454 1.345037 2.554413 3.021225 2.740023 2.014879 2.117188 2.097370 1.704242 1.487964 2.067326 2.214368 2.236959 2.060297 1.949038 1.433428 0.8836501 0.8096517 0.8922955 1.023906 1.224325 1.518284 1.893626 2.169593 2.277801 2.296773 1.945031 1.283484 0.7523389
-999.0000 -999.0000 -999.0000 -999.0000 -999.0000 -999.0000 -999.0000 -999.0000 -999.0000 -999.0000 -999.0000 -999.0000 -999.0000 -999.0000 -999.0000 -999.0000 -999.0000 -999.0000 -999.0000 -999.0000 -999.0000 -999.0000 -999.0000 -0.1674428 -5.4482568E-02 -7.8384019E-02 5.3299308E-02 0.5772874 2.197847 3.320692 2.905291 1.644189 1.668354 2.500592 3.690541 2.866258 2.156856 1.987756 1.874681 2.122351 2.626149 2.799996 2.796569 2.612405 2.337401 1.584687 1.045084 1.012138 0.9898553 1.224102 1.515172 1.770878 2.061306 2.354406 2.534367 2.452192 2.002273 1.287357 0.6122721
-999.0000 -999.0000 -999.0000 -999.0000 -999.0000 -999.0000 -999.0000 -999.0000 -999.0000 -999.0000 -999.0000 -999.0000 -999.0000 -999.0000 -999.0000 -999.0000 -999.0000 -999.0000 -999.0000 -999.0000 -999.0000 -999.0000 1.2470563E-02 0.8338099 0.9863871 0.4636377 0.3465895 1.535135 2.081029 2.874226 3.030188 2.666771 1.399997 1.595551 3.521372 3.612469 2.882189 2.651646 2.420652 2.873546 3.152582 3.359488 3.423544 3.266958 2.614721 1.759212 1.347306 1.205184 1.130556 1.355188 1.699707 1.989004 2.215041 2.404500 2.543810 2.432174 1.982640 1.330053 0.8081419
-999.0000 -999.0000 -999.0000 -999.0000 -999.0000 -999.0000 -999.0000 -999.0000 -999.0000 -999.0000 -999.0000 -999.0000 -999.0000 -999.0000 -999.0000 -999.0000 -999.0000 -999.0000 -999.0000 -999.0000 -999.0000 0.0000000E+00 4.9571089E-02 0.2404567 1.505539 1.696249 2.076586 2.838895 2.844773 2.289767 2.254710 3.735064 2.287696 1.278985 2.646513 3.816471 3.697166 3.010846 2.593015 3.009668 3.406728 3.758328 3.899706 3.539647 2.766914 1.888183 1.466725 1.389528 1.320778 1.511206 1.867054 2.133751 2.364933 2.488335 2.456947 2.272644 1.816572 1.302560 0.9569763
-999.0000 -999.0000 -999.0000 -999.0000 -999.0000 -999.0000 -999.0000 -999.0000 -999.0000 -999.0000 -999.0000 -999.0000 -999.0000 -999.0000 -999.0000 -999.0000 -999.0000 -999.0000 -999.0000 -999.0000 -999.0000 -999.0000 1.591022 1.276302 1.152796 1.893640 3.440657 3.713907 3.023505 2.640755 2.236706 3.346255 2.511751 1.270765 1.872944 3.165680 3.127934 3.108431 2.935030 2.780363 3.242276 3.763068 4.118629 3.559120 2.617047 1.914197 1.517635 1.531329 1.596558 1.797064 2.041646 2.261178 2.406383 2.353362 2.186676 1.846150 1.362745 1.043137 0.9482521
-999.0000 -999.0000 -999.0000 -999.0000 -999.0000 -999.0000 -999.0000 -999.0000 -999.0000 -999.0000 -999.0000 -999.0000 -999.0000 -999.0000 -999.0000 -999.0000 -999.0000 -999.0000 -999.0000 -999.0000 -999.0000 -999.0000 2.655221 2.858177 2.086859 1.713027 3.170112 3.120641 2.037180 3.360694 3.165810 3.119429 2.281285 1.270956 1.089700 1.876534 2.577121 3.028809 2.875136 2.037462 2.887442 3.813960 4.129781 3.527413 2.569659 1.960661 1.649901 1.682967 1.788113 1.920480 2.021940 2.185715 2.224438 2.002073 1.693561 1.260295 0.8534518 0.6976526 0.7693802
-999.0000 -999.0000 -999.0000 -999.0000 -999.0000 -999.0000 -999.0000 -999.0000 -999.0000 -999.0000 -999.0000 -999.0000 -999.0000 -999.0000 -999.0000 -999.0000 -999.0000 -999.0000 -999.0000 -999.0000 -999.0000 5.862247 4.886883 3.727551 2.927533 2.816840 3.603637 2.202526 2.197421 3.334362 3.362941 2.605749 2.182795 1.206159 0.3343347 0.6860445 1.811344 2.681379 3.109716 2.890968 3.308180 4.048946 4.057587 3.467660 2.650554 2.038734 1.817774 1.867226 1.882915 1.851408 1.829825 1.843724 1.833531 1.529272 1.167447 0.6953484 0.3915212 0.3177637 0.4087290
-999.0000 -999.0000 -999.0000 -999.0000 -999.0000 -999.0000 -999.0000 -999.0000 -999.0000 -999.0000 -999.0000 -999.0000 -999.0000 -999.0000 -999.0000 -999.0000 -999.0000 -999.0000 -999.0000 -999.0000 -999.0000 2.545883 3.634975 4.519922 5.650075 5.328815 6.508759 1.906887 1.688872 2.731831 2.856916 1.665385 0.6024534 -0.3153239 -0.9990833 -0.6327555 0.5570791 1.836154 2.811852 3.030226 3.273529 3.858451 3.853737 3.402174 2.731118 2.183168 1.941835 1.922552 1.764776 1.571940 1.518725 1.446212 1.293680 1.023363 0.7072370 0.3152212 7.9976149E-02 0.1640462 0.3583655
-999.0000 -999.0000 -999.0000 -999.0000 -999.0000 -999.0000 -999.0000 -999.0000 -999.0000 -999.0000 -999.0000 -999.0000 -999.0000 -999.0000 -999.0000 -999.0000 -999.0000 -999.0000 -999.0000 -999.0000 -999.0000 1.051405 1.153486 1.623084 4.749429 6.868636 5.861740 3.155518 1.527804 2.806653 2.861271 0.9092691 -1.083716 -1.755615 -2.186745 -1.908830 -0.7583841 0.7710005 1.928501 2.766261 3.343021 3.779317 3.681816 3.356107 2.830621 2.340456 1.951102 1.724387 1.431374 1.171679 0.9939160 0.8169082 0.6821984 0.6079935 0.3984569 0.1534948 7.4008547E-02 0.2676170 0.6587564
-999.0000 -999.0000 -999.0000 -999.0000 -999.0000 -999.0000 -999.0000 -999.0000 -999.0000 -999.0000 -999.0000 -999.0000 -999.0000 -999.0000 -999.0000 -999.0000 -999.0000 -999.0000 -999.0000 -999.0000 -999.0000 0.0000000E+00 0.0000000E+00 0.1021219 4.474874 7.623044 5.024458 5.674443 2.117605 3.149611 2.733881 -0.1896204 -2.257690 -3.038499 -3.170879 -2.807590 -1.664363 -0.2013565 1.217346 2.494868 3.404481 3.903339 3.728954 3.330908 2.892431 2.397295 1.872217 1.370195 0.9859312 0.7019252 0.3952609 0.1546972 0.1499378 0.2759457 0.2992229 0.2418374 0.3491877 0.6772708 1.129441
-999.0000 -999.0000 -999.0000 -999.0000 -999.0000 -999.0000 -999.0000 -999.0000 -999.0000 -999.0000 -999.0000 -999.0000 -999.0000 -999.0000 -999.0000 -999.0000 -999.0000 -999.0000 -999.0000 -999.0000 -999.0000 -999.0000 0.0000000E+00 0.0000000E+00 2.471430 6.649175 5.686041 5.483230 4.389440 4.477044 2.426238 -1.510071 -3.295279 -4.172093 -4.203320 -3.688984 -2.644196 -1.088027 0.5595903 2.039596 3.225560 3.956730 3.780739 3.402530 2.880221 2.266856 1.603063 1.007528 0.5709861 0.3097416 4.7884200E-02 -6.2538803E-02 -4.0738419E-02 0.1770222 0.3814979 0.3764096 0.5186145 0.8464496 1.355263
-999.0000 -999.0000 -999.0000 -999.0000 -999.0000 -999.0000 -999.0000 -999.0000 -999.0000 -999.0000 -999.0000 -999.0000 -999.0000 -999.0000 -999.0000 -999.0000 -999.0000 -999.0000 -999.0000 -999.0000 -999.0000 -999.0000 -999.0000 0.0000000E+00 2.605643 6.416255 8.104460 7.650636 8.181003 6.341684 2.774127 -1.360804 -3.793985 -5.185177 -5.161666 -4.786338 -3.773324 -2.022363 -0.1427803 1.523941 2.869417 3.657178 3.731084 3.383691 2.850019 2.127591 1.308519 0.6514449 0.2200469 -1.0146558E-02 -0.2182699 -0.2408423 -0.1410031 9.7530581E-02 0.3388376 0.3742523 0.4935844 0.7992955 1.311451
-999.0000 -999.0000 -999.0000 -999.0000 -999.0000 -999.0000 -999.0000 -999.0000 -999.0000 -999.0000 -999.0000 -999.0000 -999.0000 -999.0000 -999.0000 -999.0000 -999.0000 -999.0000 -999.0000 -999.0000 -999.0000 -999.0000 -999.0000 1.212834 3.178673 3.619407 4.828436 6.919037 8.940438 6.750538 3.172948 -1.037803 -3.834625 -5.276777 -5.979057 -5.601138 -4.535793 -2.760731 -0.7563250 1.232003 2.564619 3.485419 3.605532 3.336308 2.779695 1.868282 0.9668429 0.3505980 -0.1120292 -0.3514907 -0.5068419 -0.5299923 -0.4420830 -0.2351544 3.5579141E-02 0.2336386 0.3435120 0.6563323 1.260994
-999.0000 -999.0000 -999.0000 -999.0000 -999.0000 -999.0000 -999.0000 -999.0000 -999.0000 -999.0000 -999.0000 -999.0000 -999.0000 -999.0000 -999.0000 -999.0000 -999.0000 -999.0000 -999.0000 -999.0000 -999.0000 0.0000000E+00 0.3481145 0.7143685 1.855572 2.239620 1.959621 5.345204 9.458160 6.333824 2.074660 -1.547247 -3.651065 -5.877113 -6.847135 -6.436713 -5.253127 -3.334470 -1.169194 0.9881048 2.419259 3.362536 3.569277 3.265882 2.610584 1.643488 0.7600377 6.0603231E-02 -0.4203127 -0.7254101 -1.011328 -1.074019 -1.061474 -1.108569 -0.8711633 -0.6655767 -0.3715156 -4.2687040E-02 0.4066476
-999.0000 -999.0000 -999.0000 -999.0000 -999.0000 -999.0000 -999.0000 -999.0000 -999.0000 -999.0000 -999.0000 -999.0000 -999.0000 -999.0000 -999.0000 -999.0000 -999.0000 -999.0000 -999.0000 -999.0000 -999.0000 0.5180761 0.5013166 0.8435807 0.9079591 2.338555 4.882927 7.409059 8.996521 4.466051 0.2023158 -3.250509 -5.387451 -6.873030 -7.254722 -6.712793 -5.400300 -3.526517 -1.272950 0.9685835 2.630578 3.502334 3.605741 3.174386 2.374821 1.396374 0.5737851 -0.1321658 -0.6519508 -1.112109 -1.635991 -1.820762 -1.950152 -2.250753 -2.171454 -1.937311 -1.722339 -1.400813 -0.8353903
-999.0000 -999.0000 -999.0000 -999.0000 -999.0000 -999.0000 -999.0000 -999.0000 -999.0000 -999.0000 -999.0000 -999.0000 -999.0000 -999.0000 -999.0000 -999.0000 -999.0000 -999.0000 -999.0000 -999.0000 -999.0000 1.535803 0.9986035 0.1111407 1.9013019E-02 1.477951 6.176983 8.289314 7.400873 3.245625 -0.8509504 -3.835145 -5.437098 -6.669868 -7.152149 -6.852224 -5.458954 -3.446446 -1.208356 1.246925 3.093953 3.888676 3.818952 3.226042 2.192029 1.290764 0.4690657 -0.1945911 -0.7628349 -1.415049 -2.065802 -2.520482 -2.798947 -3.315744 -3.578868 -3.323671 -3.166206 -3.023588 -2.486957
-999.0000 -999.0000 -999.0000 -999.0000 -999.0000 -999.0000 -999.0000 -999.0000 -999.0000 -999.0000 -999.0000 -999.0000 -999.0000 -999.0000 -999.0000 -999.0000 -999.0000 -999.0000 -5.550236 -5.059741 -4.777519 -3.285500 -0.9453531 -0.2744162 0.9413703 3.270715 5.062990 6.106276 5.104169 2.329212 -1.137347 -3.657507 -5.325497 -6.509409 -7.275699 -6.798930 -5.279617 -3.138187 -0.6642392 1.833385 3.382664 4.141929 3.918571 3.195888 2.174172 1.263365 0.5018507 -9.9211305E-02 -0.7667255 -1.479419 -2.254854 -2.832435 -3.362787 -3.939069 -4.361860 -4.421907 -4.231599 -4.088829 -3.807548
-999.0000 -999.0000 -999.0000 -999.0000 -999.0000 -999.0000 -999.0000 -999.0000 -999.0000 -999.0000 -999.0000 -999.0000 -999.0000 -999.0000 -999.0000 -999.0000 -999.0000 -999.0000 -4.442927 -5.059401 -5.313333 -5.097382 -2.630358 -0.4514660 2.804606 6.748888 5.364034 4.353890 4.002043 1.604043 -1.207829 -3.560308 -5.005406 -6.156901 -6.726648 -5.981272 -4.464557 -2.374384 -9.5759243E-02 2.209200 3.678340 4.218077 3.962746 3.169148 2.111166 1.275716 0.6383606 9.0320691E-02 -0.6007765 -1.405351 -2.325346 -3.040740 -3.728612 -4.441105 -4.988693 -5.268544 -5.045315 -4.743149 -4.533657
-999.0000 -999.0000 -999.0000 -999.0000 -999.0000 -999.0000 -999.0000 -999.0000 -999.0000 -999.0000 -999.0000 -999.0000 -999.0000 -999.0000 -999.0000 -999.0000 -999.0000 -999.0000 -999.0000 -999.0000 -1.626486 -1.519993 -0.8505967 0.1327291 2.461557 5.057217 5.187989 4.343678 3.278581 1.414901 -0.9673863 -3.391202 -4.542525 -5.241502 -5.206491 -4.482893 -3.164609 -1.396971 0.5049422 2.623413 3.920359 4.253268 3.974029 3.183499 2.199611 1.448820 0.8845674 0.2995586 -0.4033879 -1.285612 -2.331370 -3.232886 -4.132997 -4.851395 -5.394431 -5.668070 -5.519768 -5.052141 -4.558024
-999.0000 -999.0000 -999.0000 -999.0000 -999.0000 -999.0000 -999.0000 -999.0000 -999.0000 -999.0000 -999.0000 -999.0000 -999.0000 -999.0000 -999.0000 -999.0000 -999.0000 -999.0000 -999.0000 -1.366532 -1.438182 -1.392280 -0.8820843 0.8630162 2.520494 3.539887 3.723545 3.054643 2.232096 1.040845 -0.4513601 -2.579565 -3.768826 -4.268638 -4.046982 -3.262451 -1.888689 -0.2657681 1.544547 3.271655 4.152951 4.408030 4.135406 3.362236 2.450223 1.769552 1.195790 0.5107259 -0.2483450 -1.258167 -2.477220 -3.610620 -4.516525 -5.250477 -5.712172 -5.791026 -5.522840 -4.816016 -4.029471
-999.0000 -999.0000 -999.0000 -999.0000 -999.0000 -999.0000 -999.0000 -999.0000 -999.0000 -999.0000 -999.0000 -999.0000 -999.0000 -999.0000 -999.0000 -999.0000 -999.0000 -999.0000 -2.849296 -2.150763 -1.613642 -1.695874 -0.9327476 0.7591128 1.298486 1.400683 1.534250 1.531625 1.087404 0.6360214 -0.3175476 -1.647007 -2.808148 -3.221973 -3.015505 -2.185635 -0.8234929 0.9660330 2.767034 4.192163 4.530209 4.567792 4.257921 3.554911 2.689413 2.070945 1.538116 0.7869344 -0.1422595 -1.362743 -2.762792 -4.052623 -4.924837 -5.589584 -5.826650 -5.706702 -5.209632 -4.364978 -3.376997
-999.0000 -999.0000 -999.0000 -999.0000 -999.0000 -999.0000 -999.0000 -999.0000 -999.0000 -999.0000 -999.0000 -999.0000 -999.0000 -999.0000 -999.0000 -999.0000 -999.0000 -2.352970 -3.651073 -3.080793 -2.421407 -2.414243 -1.352048 -0.4517428 -0.1135098 0.1519185 0.3588303 0.4115509 0.4672734 0.6093662 0.3683860 -0.4180568 -1.459237 -1.864200 -1.586177 -0.8600975 0.3814148 2.323567 3.897204 4.759448 4.963845 4.781808 4.436743 3.702155 2.935934 2.448241 1.840284 1.003813 -0.1894052 -1.543223 -3.027631 -4.337113 -5.208932 -5.663196 -5.708151 -5.253033 -4.647840 -3.803834 -2.857610
-999.0000 -999.0000 -999.0000 -999.0000 -999.0000 -999.0000 -999.0000 -999.0000 -999.0000 -999.0000 -999.0000 -999.0000 -999.0000 -999.0000 -999.0000 -999.0000 -999.0000 -999.0000 -1.181836 -2.025036 -2.450995 -2.280585 -1.466297 -0.7115723 -0.3166000 0.1123523 0.3367864 0.7386118 0.9462246 1.405165 1.615687 1.174866 0.4079198 -0.1130846 0.3073440 1.004926 2.114268 3.737225 4.934135 5.130942 5.095363 4.902042 4.548405 3.823190 3.110903 2.714805 2.078084 1.084693 -0.3488097 -1.820457 -3.282662 -4.387300 -5.065881 -5.317978 -5.289398 -4.682390 -3.802653 -3.063306 -2.386157
-999.0000 -999.0000 -999.0000 -999.0000 -999.0000 -999.0000 -999.0000 -999.0000 -999.0000 -999.0000 -999.0000 -999.0000 -999.0000 -999.0000 -999.0000 -999.0000 -999.0000 -999.0000 -999.0000 -1.631343 -1.993105 -1.316947 -0.7702461 -0.1125280 0.7615068 1.285415 1.600979 1.953706 2.389804 3.119607 3.561960 3.060420 2.489965 2.222214 2.325106 2.849375 3.849578 4.672506 5.275598 5.241261 5.008664 4.834175 4.500294 3.809645 3.104959 2.817183 2.364291 1.207372 -0.3608443 -1.864147 -3.117023 -3.916634 -4.467571 -4.653801 -4.553894 -3.947845 -3.202686 -2.502243 -2.022937
-999.0000 -999.0000 -999.0000 -999.0000 -999.0000 -999.0000 -999.0000 -999.0000 -999.0000 -999.0000 -999.0000 -999.0000 -999.0000 -999.0000 -999.0000 -999.0000 -999.0000 -999.0000 -1.383890 -1.932418 -1.769174 -0.7787060 0.2626942 1.173140 2.141560 2.547753 2.963243 3.515213 4.099693 4.635449 5.040708 4.930820 4.437811 4.119938 4.079567 4.529541 5.163209 5.425103 5.346679 5.092673 4.809628 4.622760 4.296158 3.701761 2.946952 2.742638 2.484541 1.357882 -0.1193802 -1.468079 -2.416340 -3.149131 -3.501012 -3.608376 -3.608252 -3.345987 -2.904673 -2.330711 -1.955163
-999.0000 -999.0000 -999.0000 -999.0000 -999.0000 -999.0000 -999.0000 -999.0000 -999.0000 -999.0000 -999.0000 -999.0000 -999.0000 -999.0000 -999.0000 -999.0000 -999.0000 -0.6788418 -1.277891 -1.626840 -1.434512 -0.5788730 0.4599414 1.449321 2.215803 2.893258 3.153278 3.581528 4.094734 4.645368 4.849168 4.721822 4.762158 4.961501 5.241224 5.589867 5.798337 5.694256 5.180864 4.761951 4.404812 4.350122 3.996244 3.381332 2.718509 2.426969 2.213607 1.374733 0.2338365 -0.8778515 -1.635105 -2.117203 -2.413611 -2.714103 -2.921808 -3.006833 -2.878809 -2.698826 -2.555228
-999.0000 -999.0000 -999.0000 -999.0000 -999.0000 -999.0000 -999.0000 -999.0000 -999.0000 -999.0000 -999.0000 -999.0000 -999.0000 -999.0000 -999.0000 -999.0000 -0.1778595 -0.4080260 -0.8434770 -1.519308 -1.332034 -0.5863565 0.3097005 1.055143 1.588675 2.101888 2.410393 2.600950 2.784588 3.058431 3.375697 3.802718 4.463742 5.208040 5.670086 6.007615 6.002975 5.523620 4.777644 4.224475 3.914611 3.651350 3.291106 2.743781 2.224412 1.829633 1.648791 1.399961 0.5032163 -0.3193890 -0.9458557 -1.414016 -1.875414 -2.406563 -2.874215 -3.237746 -3.426423 -3.495877 -3.564588
