COMMON/visual_exe/grid.grd
DSAA
          91         134
  -72.20000      -69.50000    
  -22.50000      -18.50000    
        -999         999
[rows 54 to 80 of 134, columns 0 to 58 of 91]
-999.0000 -999.0000 -999.0000 -999.0000 -999.0000 -999.0000 -999.0000 -999.0000 -999.0000 -999.0000 -999.0000 -999.0000 -999.0000 -999.0000 -999.0000 -999.0000 -0.3842340 -0.2628348 -0.5493683 -1.085500 -1.209239 -0.6905565 -3.7492067E-02 0.8023065 1.171913 1.319034 1.425801 1.329808 1.110935 1.328305 1.811297 2.592863 3.683476 4.746552 5.455806 5.778655 5.731195 5.047931 4.146654 3.402381 3.003758 2.754452 2.363202 1.871167 1.421805 1.139413 1.004463 1.100074 0.6601982 -5.8458745E-04 -0.5702879 -1.210518 -2.005357 -2.806991 -3.458912 -3.963753 -4.373522 -4.705568 -4.966628
-999.0000 -999.0000 -999.0000 -999.0000 -999.0000 -999.0000 -999.0000 -999.0000 -999.0000 -999.0000 -999.0000 -999.0000 -999.0000 -999.0000 -999.0000 -999.0000 0.5920084 0.5919920 0.3630160 -0.2298388 -0.8535414 -0.4698015 -0.1769587 0.5374901 0.9679956 1.161896 0.9110563 0.5532219 0.1644038 0.2857828 0.8515971 1.772532 3.074476 4.063004 4.553067 4.893024 4.723401 3.884404 2.912340 2.048684 1.794009 1.527541 1.297482 0.8769877 0.4499154 0.3011951 0.3555280 0.5892218 0.3942803 -6.3326553E-02 -0.7060290 -1.444094 -2.384656 -3.430058 -4.244488 -4.845435 -5.279432 -5.729609 -6.230303
-999.0000 -999.0000 -999.0000 -999.0000 -999.0000 -999.0000 -999.0000 -999.0000 -999.0000 -999.0000 -999.0000 -999.0000 -999.0000 -999.0000 -999.0000 -999.0000 1.300167 1.257485 1.103624 0.6684733 -0.1108795 -0.4872931 -0.3447911 -4.6664476E-03 8.3874702E-02 0.3654871 0.2841679 -0.1454633 -0.5758052 -0.3259696 0.3278090 1.519656 2.760777 3.621597 3.844699 3.802364 3.315766 2.386104 1.346730 0.5626852 0.3456254 0.1860806 -4.4224046E-02 -0.4141800 -0.7018238 -0.7355510 -0.5754644 -0.2716271 -0.1959850 -0.4122059 -1.026175 -1.883348 -2.952671 -4.040154 -4.887567 -5.421971 -5.780637 -6.170186 -6.585997
-999.0000 -999.0000 -999.0000 -999.0000 -999.0000 -999.0000 -999.0000 -999.0000 -999.0000 -999.0000 -999.0000 -999.0000 -999.0000 -999.0000 -999.0000 -999.0000 1.957614 1.773883 1.550044 1.275314 0.5073182 -0.5874577 -1.053443 -1.053434 -1.230530 -1.133520 -0.7800955 -0.8763301 -0.9989788 -0.5831875 0.3430738 1.544745 2.590153 3.385231 3.295656 2.736699 1.861786 0.7329300 -0.3720668 -0.8352171 -1.080112 -1.172235 -1.430610 -1.785549 -1.936262 -1.902685 -1.597565 -1.187444 -0.8954541 -0.7514032 -1.294208 -2.344558 -3.601583 -4.585154 -5.304162 -5.574285 -5.762318 -6.013731 -6.250595
-999.0000 -999.0000 -999.0000 -999.0000 -999.0000 -999.0000 -999.0000 -999.0000 -999.0000 -999.0000 -999.0000 -999.0000 -999.0000 -999.0000 -999.0000 -999.0000 2.917199 2.348863 1.932387 1.590770 0.7508128 -1.003017 -1.923269 -2.318566 -2.304157 -2.088987 -1.962339 -1.721383 -1.181367 -0.3268504 0.7279307 1.721856 2.482733 2.693523 2.267683 1.391030 0.3644012 -0.6938058 -1.569284 -2.077959 -2.288333 -2.449720 -2.829190 -3.226995 -3.315613 -3.140322 -2.705464 -1.904272 -1.232464 -0.7024686 -1.235031 -2.429839 -3.731358 -4.576130 -5.025009 -5.327324 -5.390597 -5.556211 -5.727907
-999.0000 -999.0000 -999.0000 -999.0000 -999.0000 -999.0000 -999.0000 -999.0000 -999.0000 -999.0000 -999.0000 -999.0000 -999.0000 -999.0000 -999.0000 -999.0000 2.526314 2.792741 2.656715 2.116290 1.100962 -1.145522 -2.846459 -3.359492 -3.354359 -2.895367 -3.098357 -2.691799 -1.466280 -0.1217844 0.8053578 1.487306 1.896715 1.715307 0.9462573 -0.1810332 -1.225523 -2.110585 -2.722652 -3.100185 -3.269469 -3.579899 -3.985746 -4.440180 -4.479005 -4.222310 -3.396651 -2.230516 -1.016896 -0.3423201 -1.051309 -2.441682 -3.590443 -4.288570 -4.765732 -5.090950 -5.203354 -5.381809 -5.477774
-999.0000 -999.0000 -999.0000 -999.0000 -999.0000 -999.0000 -999.0000 -999.0000 -999.0000 -999.0000 -999.0000 -999.0000 -999.0000 -999.0000 -999.0000 -999.0000 3.397219 2.531335 2.486244 2.469293 1.537374 -1.007763 -3.323114 -4.396369 -4.721859 -4.553863 -4.237994 -3.304994 -1.860477 -0.3331951 0.6302580 0.9120758 0.9802164 0.5441378 -0.6195175 -1.701121 -2.687260 -3.330742 -3.744571 -4.064688 -4.099287 -4.249912 -4.674312 -5.072802 -5.034382 -4.641506 -3.665933 -2.111000 -0.6447874 0.1086289 -0.8822821 -2.230862 -3.296230 -4.104602 -4.743947 -4.961008 -5.322343 -5.480492 -5.377620
-999.0000 -999.0000 -999.0000 -999.0000 -999.0000 -999.0000 -999.0000 -999.0000 -999.0000 -999.0000 -999.0000 -999.0000 -999.0000 -999.0000 -999.0000 -999.0000 2.608898 2.243679 1.937098 2.197234 1.366545 -1.278617 -3.435442 -4.723605 -5.422330 -5.257912 -4.571870 -3.493962 -2.323450 -1.063044 -0.3785877 -0.1106314 -0.2015702 -0.5996851 -1.810414 -2.856354 -3.616228 -4.079764 -4.369850 -4.660067 -4.475490 -4.381913 -4.531195 -4.766425 -4.780576 -4.315399 -2.884999 -1.283100 -3.4589112E-02 0.3992127 -0.7909272 -2.009525 -3.132977 -4.284417 -5.055500 -5.363407 -5.506096 -5.515978 -5.206093
-999.0000 -999.0000 -999.0000 -999.0000 -999.0000 -999.0000 -999.0000 -999.0000 -999.0000 -999.0000 -999.0000 -999.0000 -999.0000 -999.0000 -999.0000 -999.0000 1.486711 1.406566 1.359676 1.568723 1.042265 -1.963051 -4.201437 -5.429919 -5.970539 -5.524914 -4.591949 -3.416241 -2.412474 -1.815739 -1.627571 -1.545080 -1.665582 -1.895678 -2.787648 -3.411401 -3.852838 -4.373851 -4.927858 -4.999757 -4.486366 -3.959459 -3.876264 -3.963989 -3.979921 -3.372671 -2.085173 -0.5979161 0.2731766 0.3148008 -0.6705353 -1.822148 -3.078033 -4.389775 -5.231639 -5.666553 -5.665360 -5.474750 -4.971994
-999.0000 -999.0000 -999.0000 -999.0000 -999.0000 -999.0000 -999.0000 -999.0000 -999.0000 -999.0000 -999.0000 -999.0000 -999.0000 -999.0000 -999.0000 -0.5736787 -0.2603256 -3.3547986E-02 0.2278615 0.6959613 0.5336042 -2.635777 -4.975106 -6.174590 -6.147589 -5.299906 -4.251301 -3.217607 -2.770160 -2.709285 -2.673753 -2.579973 -2.518038 -2.512146 -3.021431 -3.540249 -3.988055 -4.514678 -5.095656 -5.047248 -4.014414 -3.215494 -2.951401 -2.939944 -3.043778 -2.425676 -1.399632 -0.1720695 0.3354043 0.1998732 -0.5924606 -1.572016 -2.854234 -4.438906 -5.416653 -5.791793 -5.741330 -5.452701 -4.824165
-999.0000 -999.0000 -999.0000 -999.0000 -999.0000 -999.0000 -999.0000 -999.0000 -999.0000 -999.0000 -999.0000 -999.0000 -999.0000 -999.0000 -999.0000 -999.0000 -0.1914370 -0.2053123 -5.7222251E-02 4.6533011E-02 -1.159603 -3.599641 -4.921191 -5.662509 -5.604085 -4.954938 -4.190221 -3.675132 -3.545447 -3.354163 -3.133669 -2.509601 -2.334547 -2.521646 -2.988128 -3.708085 -4.081793 -4.543460 -4.751170 -4.035141 -2.977029 -2.419767 -2.072031 -1.977472 -1.953314 -1.512978 -0.8019087 -0.2601455 -2.3280416E-02 -5.1743649E-03 -0.3888410 -1.365739 -2.824367 -4.280483 -5.223121 -5.510586 -5.493545 -5.255684 -4.978153
-999.0000 -999.0000 -999.0000 -999.0000 -999.0000 -999.0000 -999.0000 -999.0000 -999.0000 -999.0000 -999.0000 -999.0000 -999.0000 -999.0000 -999.0000 -999.0000 -2.1879407E-02 8.8367686E-03 0.2032821 -9.5932104E-02 -1.901302 -4.012924 -4.706156 -5.101224 -5.136292 -4.922786 -4.503541 -4.264862 -3.927404 -3.473133 -2.960985 -2.275267 -2.186438 -2.332670 -2.639654 -3.264544 -3.865422 -4.366954 -4.331903 -3.155991 -2.059282 -1.552665 -1.273931 -1.246079 -1.086950 -0.6214994 -0.4848288 -0.4583604 -0.2473177 3.0423999E-03 -0.1065603 -1.028942 -2.525934 -3.826409 -4.740061 -5.046705 -5.126908 -5.117318 -5.238206
-999.0000 -999.0000 -999.0000 -999.0000 -999.0000 -999.0000 -999.0000 -999.0000 -999.0000 -999.0000 -999.0000 -999.0000 -999.0000 -999.0000 -999.0000 -999.0000 -0.4574089 -0.2009406 0.1945565 -0.1569457 -1.915480 -3.509066 -4.170284 -4.637838 -4.974348 -5.449006 -5.263592 -4.796730 -4.044688 -3.003253 -2.150345 -1.779289 -1.765367 -1.662381 -1.641829 -2.384566 -3.547534 -3.969534 -3.434185 -2.261892 -1.189501 -0.5172670 -0.6501083 -0.7470520 -0.6193429 -0.4087644 -0.4989364 -0.5489485 -0.3135557 1.9331433E-02 -2.0523436E-02 -0.7278351 -2.073876 -3.262729 -4.046533 -4.276249 -4.698864 -5.001112 -5.526553
-999.0000 -999.0000 -999.0000 -999.0000 -999.0000 -999.0000 -999.0000 -999.0000 -999.0000 -999.0000 -999.0000 -999.0000 -999.0000 -999.0000 -999.0000 -999.0000 -0.6854740 -0.8112438 -0.4048821 -0.7475629 -2.274240 -3.164674 -3.784276 -4.518768 -5.399722 -6.034438 -5.801504 -4.885345 -3.523826 -2.244313 -1.102738 -0.5427008 -0.4711246 -0.4040518 -0.5996888 -1.705273 -3.008187 -2.957835 -2.361416 -1.489736 -0.5103879 9.6376419E-02 -0.3102542 -0.7090291 -1.060177 -1.047387 -0.8687829 -0.7806593 -0.4687132 -0.1489110 4.9762424E-02 -0.5284647 -1.735004 -2.595712 -3.217110 -3.617751 -4.288736 -4.970977 -5.604517
-999.0000 -999.0000 -999.0000 -999.0000 -999.0000 -999.0000 -999.0000 -999.0000 -999.0000 -999.0000 -999.0000 -999.0000 -999.0000 -999.0000 -999.0000 -999.0000 -0.8241156 -0.8060416 -0.6886826 -0.8314413 -1.928898 -2.785548 -3.669526 -4.718791 -5.685869 -6.049150 -5.624147 -4.292692 -2.659421 -0.9276212 0.3839531 0.9638040 1.088989 0.9405282 -6.2254433E-02 -1.385291 -2.753305 -2.392585 -1.614051 -0.8456830 8.6579099E-02 0.2290462 -0.2342494 -1.227964 -1.919490 -2.251885 -1.963348 -1.543787 -1.068942 -0.5103227 -0.1729898 -0.5667012 -1.475716 -1.982834 -2.387059 -2.937381 -3.838836 -4.765029 -5.413823
-999.0000 -999.0000 -999.0000 -999.0000 -999.0000 -999.0000 -999.0000 -999.0000 -999.0000 -999.0000 -999.0000 -999.0000 -999.0000 -999.0000 -999.0000 -1.759111 -1.341336 -1.039221 -1.021875 -1.394751 -2.076143 -2.841224 -3.891652 -4.910432 -5.465898 -5.465889 -4.631716 -3.087925 -1.265697 0.6272041 2.080222 2.617829 2.343386 1.232339 -0.4162429 -1.994287 -2.809619 -2.468307 -1.605352 -0.4946572 0.4294588 0.4272921 -0.6578216 -1.994982 -3.278615 -3.956411 -3.780978 -3.168953 -2.039884 -1.163558 -0.7764447 -0.9210817 -1.292452 -1.333391 -1.653215 -2.432374 -3.493924 -4.404778 -5.031218
-999.0000 -999.0000 -999.0000 -999.0000 -999.0000 -999.0000 -999.0000 -999.0000 -999.0000 -999.0000 -999.0000 -999.0000 -999.0000 -0.3312881 -0.2667508 -0.5448244 -0.6518407 -0.6555626 -1.371240 -1.876895 -2.436231 -3.275589 -4.104897 -4.638399 -4.880532 -4.412809 -3.194566 -1.924585 -0.3020779 1.363741 2.222530 2.370136 1.435441 8.0440089E-02 -1.860846 -2.978389 -3.331629 -2.832384 -1.842128 -0.5542731 0.4036449 0.3550281 -1.048234 -2.903913 -4.553200 -5.421536 -5.568540 -4.712390 -3.163736 -1.837739 -1.375546 -0.9091109 -0.6489031 -0.7499987 -1.300530 -2.133999 -3.232381 -3.946106 -4.400792
-999.0000 -999.0000 -999.0000 -999.0000 -999.0000 -999.0000 -999.0000 -999.0000 -999.0000 -999.0000 -999.0000 -999.0000 -999.0000 -0.2857454 -0.4615590 -0.5439197 -0.5355263 -0.7217312 -1.555316 -2.179976 -2.756685 -3.594934 -4.145353 -4.301447 -4.305889 -3.670478 -3.177376 -2.040502 -1.138458 -0.5610909 0.2652698 0.4932865 -0.1050819 -1.647761 -3.376509 -4.041881 -4.060542 -3.406306 -2.158710 -0.6619130 0.2645002 0.2945125 -1.371190 -3.430276 -5.181504 -6.072790 -6.235057 -5.191196 -3.775301 -2.235571 -1.128799 -0.3114361 5.3129688E-02 -0.2865899 -0.9642982 -1.768045 -2.730996 -3.276181 -3.339819
-999.0000 -999.0000 -999.0000 -999.0000 -999.0000 -999.0000 -999.0000 -999.0000 -999.0000 -999.0000 -999.0000 -999.0000 -999.0000 -9.7739458E-02 -0.4116371 -0.6398625 -0.6558670 -1.030904 -1.690543 -2.395422 -3.087806 -3.685461 -4.113442 -4.383888 -4.430645 -4.356901 -4.574149 -4.031752 -3.720423 -2.975259 -1.825038 -1.166425 -1.622822 -2.786600 -3.992975 -4.748098 -4.412787 -3.471037 -2.220525 -0.6057245 0.4892980 0.1783159 -1.348023 -3.436084 -5.223898 -6.071327 -6.022489 -5.258235 -3.624463 -2.064025 -0.4995540 0.3955943 0.7144156 0.1877294 -0.4610614 -1.218680 -1.931434 -2.195629 -2.428853
-999.0000 -999.0000 -999.0000 -999.0000 -999.0000 -999.0000 -999.0000 -999.0000 -999.0000 -999.0000 -999.0000 -999.0000 -0.7259554 -0.5960696 -0.7830128 -0.6092103 -0.8413502 -1.361439 -2.062841 -2.731375 -3.510306 -4.209198 -4.896672 -5.377009 -5.746784 -5.894133 -5.726411 -5.525572 -5.450426 -4.012136 -2.563819 -1.842553 -1.925287 -2.557921 -3.702499 -4.302164 -3.920685 -2.956789 -1.720791 -0.2841716 0.5660567 0.2023302 -1.408486 -3.420705 -4.963032 -5.654080 -5.518530 -4.515055 -2.809362 -0.8689132 0.5643294 1.170028 1.552455 0.9681637 0.3294993 -0.2286412 -0.9498610 -1.502596 -1.850916
-999.0000 -999.0000 -999.0000 -999.0000 -999.0000 -999.0000 -999.0000 -999.0000 -999.0000 -999.0000 -999.0000 -999.0000 -0.7233432 -1.250366 -1.248226 -1.118763 -1.428572 -1.654406 -2.455569 -3.359592 -4.205208 -4.834175 -5.667791 -6.298655 -6.529696 -6.482584 -6.245787 -6.007957 -5.725327 -4.520349 -3.097361 -2.128922 -1.864913 -2.217714 -3.032892 -3.420024 -3.180421 -2.196351 -1.123023 0.2151834 0.8364462 0.2544573 -1.406269 -3.116853 -4.424436 -4.761494 -4.454959 -3.346508 -1.530609 0.4107615 1.468918 1.926756 2.136673 1.667656 1.065760 0.5000840 -0.2921424 -1.055571 -1.412122
-999.0000 -999.0000 -999.0000 -999.0000 -999.0000 -999.0000 -999.0000 -999.0000 -999.0000 -999.0000 -999.0000 -999.0000 -999.0000 -999.0000 -1.578335 -1.583036 -1.600801 -1.800291 -2.768513 -3.634959 -4.416391 -5.080344 -5.662147 -6.099989 -6.325426 -6.416221 -6.468802 -6.391223 -5.608388 -4.644516 -3.378769 -2.363340 -1.867013 -2.020566 -2.356637 -2.417225 -2.072460 -1.289190 -0.4569348 0.7653019 0.8506948 0.2442563 -1.201086 -2.587276 -3.562478 -3.566360 -3.196708 -1.928664 -0.1003240 1.476534 2.202517 2.404597 2.484833 2.216477 1.698449 1.039639 0.1022470 -0.7370602 -0.9667634
-999.0000 -999.0000 -999.0000 -999.0000 -999.0000 -999.0000 -999.0000 -999.0000 -999.0000 -999.0000 -999.0000 -999.0000 -999.0000 -999.0000 -1.585109 -2.038731 -1.937604 -2.002909 -2.838440 -3.677185 -4.406429 -5.057300 -5.639948 -5.861017 -5.769769 -5.933564 -6.168366 -5.986049 -5.541866 -4.469503 -3.230557 -2.225207 -1.854573 -1.825406 -1.705469 -1.346184 -1.021402 -0.3922911 0.3018901 1.021419 0.9536173 0.3050737 -0.8230929 -1.847794 -2.480317 -2.396580 -1.745082 -0.4435505 1.110574 2.330477 2.740361 3.065643 3.013070 2.677529 2.164913 1.429118 0.6128895 -5.3299438E-02 -0.2866625
-999.0000 -999.0000 -999.0000 -999.0000 -999.0000 -999.0000 -999.0000 -999.0000 -999.0000 -999.0000 -999.0000 -999.0000 -999.0000 -999.0000 -1.834193 -1.980168 -1.951894 -2.084881 -3.139132 -3.978981 -4.496836 -4.982462 -5.420756 -5.665824 -5.796305 -6.066450 -6.179095 -5.632020 -5.029684 -4.446320 -3.473191 -2.452767 -1.883795 -1.756946 -1.096237 -0.5663327 -0.1784297 0.3225438 0.8366921 1.216841 1.095191 0.4353503 -0.2130474 -0.8352841 -1.305429 -1.044692 -0.3394106 0.6681879 2.029993 3.123019 3.659397 3.642103 3.483581 3.096286 2.504032 1.769625 1.147091 0.5877103 0.6046740
-999.0000 -999.0000 -999.0000 -999.0000 -999.0000 -999.0000 -999.0000 -999.0000 -999.0000 -999.0000 -999.0000 -999.0000 -999.0000 -999.0000 -2.059595 -2.067315 -1.793922 -1.901226 -3.289729 -4.167558 -4.622544 -4.824269 -5.038781 -5.355846 -5.790506 -6.309599 -6.408236 -5.730982 -4.977753 -4.858191 -4.145547 -3.241724 -2.552263 -1.858149 -0.7737443 -3.9792493E-02 0.6299108 1.011174 1.329847 1.485079 1.246612 0.9274585 0.7227181 0.2627446 -6.6598281E-02 0.2833536 0.8827030 1.739484 2.826138 3.845130 4.299727 3.992733 3.628374 3.378539 2.821292 2.117113 1.620885 1.347305 1.536382
-999.0000 -999.0000 -999.0000 -999.0000 -999.0000 -999.0000 -999.0000 -999.0000 -999.0000 -999.0000 -999.0000 -999.0000 -999.0000 -999.0000 -2.451500 -2.633588 -2.138376 -1.904131 -3.377385 -4.463475 -4.764885 -4.786222 -4.794177 -4.894432 -5.245391 -5.639785 -5.624205 -5.532400 -5.391058 -5.444859 -4.879944 -4.108562 -3.396426 -2.313469 -0.8147171 0.3261792 1.376539 1.714900 1.819791 1.830056 1.599715 1.481180 1.493228 1.416251 1.075928 1.193582 1.804064 2.633115 3.531837 4.485457 4.547099 4.034862 3.604006 3.564871 3.240552 2.683249 2.268822 2.099157 2.002643
-999.0000 -999.0000 -999.0000 -999.0000 -999.0000 -999.0000 -999.0000 -999.0000 -999.0000 -999.0000 -999.0000 -999.0000 -999.0000 -999.0000 -2.653660 -2.866766 -2.584779 -2.448209 -3.492277 -4.660013 -4.937289 -4.792293 -4.750844 -4.708539 -4.730194 -4.805867 -4.664645 -4.774978 -5.197536 -5.353563 -5.116787 -4.437325 -3.622999 -2.633690 -1.069031 0.4459915 1.541345 2.105168 2.268032 2.366455 2.260254 2.184491 2.290107 2.217398 1.938293 2.032555 2.603212 3.422218 4.306960 5.121853 4.559578 3.893069 3.526869 3.614697 3.487092 3.131745 2.770711 2.571052 2.240999
