DATA/COLIMA_0/inidata/topo.grd
DSAA
650 500
  -104.29962877814579000   -103.00162877814579000
    19.00196806742922100     19.99996806742922200
-98.3427 4230.73
[rows 420 to 449 of 500, columns 268 to 334 of 650]
1973.77 2037.38 2114.77 2082.25 2087.95 2003.53 1924.98 1982.94 2000.52 2082.52 2067.27 1974.95 2015.6 2133.42 2173.02 2212.26 2207.02 2259.15 2245.79 2303.49 2320.27 2294.17 2287.22 2258.31 2255.83 2274.15 2285.48 2288.24 2273.05 2261.89 2260.29 2272.7 2282.67 2288.88 2285 2276.1 2284.31 2297.04 2318.56 2319.04 2291.14 2264.03 2244.25 2267.61 2238.22 2219.85 2202.53 2200.08 2199.78 2179.46 2121.02 2087.03 2105.73 2078.42 2041.23 2035.58 2060.06 2049.55 2013.91 2027.91 1964.25 1912.66 1883.1 1840.37 1747.59 1764.78 1752.66
1940.65 1979.77 2021.2 1949.82 1977.52 1928.66 1900.62 1904.63 1974.39 2038.58 1998.29 1931.75 1980.99 2067.02 2118.47 2181.2 2199.32 2233.38 2250.03 2300.94 2307.32 2275.07 2249.43 2237.62 2243.68 2260.67 2278.41 2298.94 2302.68 2295.97 2282.93 2277.69 2296.67 2316.42 2311.67 2301.39 2312.65 2330.01 2337.3 2324.95 2284.65 2245.49 2219.35 2239.94 2215.28 2190.6 2183.62 2157.88 2175.96 2183.57 2146.35 2093.09 2040.11 2046.63 2017.48 1988.33 2010.44 2021.81 1950.87 1954.86 1930.34 1878.04 1805.11 1779.22 1699.67 1670.91 1710.48
1893.66 1899.44 1919.2 1916.55 1891.66 1898.41 1861.38 1882.9 1950.99 1939.15 1919.43 1912.35 1986.31 2065.35 2100.9 2115.74 2169.77 2212.17 2196.98 2242.02 2263.36 2262.51 2237 2237 2237.36 2246.83 2269.88 2293.42 2301.97 2292.14 2278.17 2274.47 2284.35 2304.99 2319.03 2321.62 2339.46 2346 2345.55 2327.63 2293.45 2259.49 2230.53 2194.89 2199.26 2187.39 2149.69 2126.06 2151.22 2141.79 2140.77 2090.75 2033.76 1986.62 1974.9 1958.35 1976.76 1976.94 1938.69 1836 1816.48 1781.98 1759.53 1727.35 1767.52 1711.12 1660.31
1809.5 1826.36 1877.7 1863.15 1891.21 1845.09 1839.92 1868.85 1900.19 1882.01 1880.69 1897.16 1925.29 2000.44 2107.95 2151.8 2157.87 2181.49 2212.6 2252.11 2242.03 2237.45 2237 2237 2237 2236.99 2243.85 2265.35 2271.95 2263.35 2257.61 2261.74 2267.58 2285.82 2303.92 2322.72 2340.98 2345.73 2342.17 2309.27 2279.77 2248.61 2241.83 2202.36 2168.98 2177.78 2164.08 2134.34 2088.09 2069.45 2077.2 2071.78 2038.93 1992.95 1994.46 1959.02 1962.98 1954.48 1916.59 1933.36 1912.18 1848.14 1834.92 1848.49 1822.59 1755.1 1718.89
1673.22 1729.83 1803.6 1820.6 1833.31 1814.17 1806.7 1837.89 1856.86 1873.68 1895.92 1932.38 1994.69 2070.57 2132.23 2202.65 2233.65 2263.98 2261.37 2281.04 2271.88 2242.46 2244.21 2237.01 2237 2237 2237 2237.06 2237.05 2237.19 2241.14 2245.23 2263.88 2283.51 2297.5 2316.06 2334.16 2338.83 2331.61 2304.53 2280.65 2243.73 2207.3 2202.42 2183.61 2163.39 2137.92 2106.49 2113.05 2111.42 2082.49 2041.81 2027.07 2029.27 1984.6 1962.94 1966.57 2008.18 1963.73 1995.27 1970.98 1907.06 1866.92 1868.03 1820.27 1756.9 1710.1
1767.41 1763.02 1710.25 1733.38 1772.97 1837.98 1868.72 1848.7 1857.08 1888.19 1907.36 1937.51 1990.92 2071.18 2164.91 2232.57 2280.06 2290.08 2315.25 2300.18 2265.99 2258.38 2271.26 2250.22 2245.3 2237.89 2237 2237.05 2237.05 2237.26 2237 2243.17 2260.52 2284.89 2303.48 2311.52 2314.44 2310.16 2313.91 2294.93 2280.67 2259.21 2221.08 2182.56 2163.27 2141.14 2127.31 2148.09 2147.76 2152.04 2101.17 2073.25 2068.04 2032.42 2010.77 1986.23 1976.58 2027.85 2024.81 1992.04 1979.59 1958.2 1899.99 1845.32 1784.28 1739.17 1701.93
1803.96 1856.82 1821.28 1791.09 1835.5 1869.43 1880.87 1892.28 1888.43 1918.88 1937.87 1966.5 2019.12 2030.06 2101.09 2199.44 2313.29 2335.15 2325.81 2294.04 2291.91 2278.94 2296.33 2273.97 2271.61 2256.38 2245.79 2247.58 2248.53 2244.42 2238.45 2238.88 2259.2 2279.45 2298.8 2299.93 2292.56 2289.04 2294.04 2273.88 2259.89 2255.43 2234.96 2207.51 2171.89 2159.61 2156.05 2167.27 2174.44 2166.5 2116.13 2102.51 2087.63 2068.04 2039.24 2004.66 1985.01 2012.93 2028.44 2009.26 1992.82 1958.1 1879.64 1812.26 1784.21 1738.47 1708.72
1754.95 1856.75 1859.76 1863.36 1893.97 1905.31 1900.47 1921.63 1923.15 1975.2 1987.68 2022.94 2038.28 2116.97 2166.86 2250.51 2321 2368.65 2333.24 2321.93 2313.95 2297.72 2314.15 2303.17 2290.66 2272.94 2270.97 2274.41 2266.62 2259.76 2252.7 2245.85 2257.25 2270.47 2293.67 2293.17 2277.76 2274.75 2279.46 2260.72 2227.28 2220.18 2208.34 2195.78 2184.18 2182.53 2180.62 2198.17 2203.72 2183.93 2150.5 2117.76 2095.55 2079.42 2074.06 2041.96 1995.38 2016.66 2053.53 2018.94 1970.7 1971.1 1910.55 1830.89 1799.78 1771.95 1740.7
1849.4 1899.87 1901.32 1934.24 1938.75 1949.03 1952.15 1964.68 1977.97 2022.74 2049.06 2091.22 2121.72 2172.8 2242.72 2272.31 2324.29 2379.21 2359.17 2358.5 2321.49 2316.84 2338.34 2316.87 2299.03 2283.6 2282.81 2282.61 2256.14 2260.07 2262.7 2258.5 2258.03 2263.79 2281.26 2279.18 2266.99 2257.62 2244.65 2235.62 2226.85 2222.17 2220.93 2220.31 2212.27 2215.55 2188.71 2210.31 2217.01 2199.96 2159.62 2125.7 2132.33 2103.43 2100.38 2062.98 1998.78 2031.63 2073.33 2022.61 2015.72 1971.03 1908.2 1860.29 1838.7 1793.04 1727.74
1859.33 1911.16 1933.17 1968.1 1991.16 2021.51 2042.09 2055.37 2072.47 2072.34 2152.75 2199.33 2220.82 2206.96 2261.25 2299.12 2329.37 2307.37 2337.36 2359.55 2312.54 2307.94 2322.04 2318.84 2299.48 2283.66 2281.94 2258.07 2237.99 2247.6 2261.98 2264.63 2258.69 2257.97 2263.48 2268.76 2259.92 2259.86 2261.48 2263.16 2251.79 2239.03 2247.19 2241.09 2219.05 2230.63 2218.34 2212.71 2215.36 2194.72 2169.02 2140.76 2136.1 2110.58 2067.54 2049.65 2022.93 2030.2 2083.76 2055.97 2020.41 1948.8 1942.64 1921.45 1857.55 1779.75 1755.68
1818.97 1895.81 1914.05 1934.28 1951.54 1992.05 2024.84 2044.59 2091.76 2128.18 2142.06 2147.41 2195.02 2255.63 2286.84 2337.03 2292.69 2254.19 2285.33 2315.9 2303.15 2264.08 2277.46 2298.74 2260.03 2253.68 2254.04 2229.08 2209.77 2228.41 2257.9 2263.52 2260.42 2241.32 2251.66 2262.2 2267.91 2279.83 2282.29 2267.78 2245.6 2265.23 2269.84 2248.63 2237.38 2253.63 2230.98 2235.93 2222.16 2205.88 2182.92 2176.57 2166.96 2115.85 2072.77 2042.49 2051.28 2019.59 2074.43 2066.32 2021.07 1991.42 1991.18 1923.85 1861.37 1795.03 1767.32
1881.48 1916.4 1921.78 1945.68 1967.97 1994.29 2001.65 2021.7 2049.28 2091.39 2105.38 2172.23 2220.22 2292.9 2294.67 2317.76 2254.21 2223.46 2252.57 2256.6 2277.78 2254.62 2241.12 2275.63 2243.65 2218.81 2220.26 2192.3 2192.63 2206.27 2229.23 2233.62 2252.36 2233.06 2237.96 2259.41 2276.44 2297.11 2295.26 2275.55 2273.73 2284.73 2292.51 2278.72 2266.43 2277.89 2255.88 2257.62 2242.78 2225.53 2214.29 2216.04 2176.19 2139.48 2089.39 2059.11 2052.56 2040.04 2072.06 2081.07 2050.23 2055.84 1967.4 1891.56 1871.82 1837.66 1778.94
1907.6 1924.14 1944.4 1957.69 1989.98 1999.33 2019.94 2038.12 2040.15 2071.93 2104.74 2135.51 2198.96 2216.98 2233.21 2280.11 2223.57 2181.76 2213.92 2259.54 2263.54 2245.1 2220.66 2230.38 2203.59 2182.16 2177.97 2177.44 2179.25 2186.95 2198.66 2228.06 2229.55 2226.5 2256.39 2260.11 2278.79 2299.39 2303.84 2300.48 2306.13 2315.13 2321.56 2317.07 2289.24 2280.18 2268.68 2272.63 2265.6 2250.85 2258.22 2234.73 2201.09 2143.46 2091.61 2086.28 2071.55 2050.57 2115.63 2079.3 2054.04 2042.01 1971.27 1895.72 1900.37 1873.13 1804.23
1878.03 1909.1 1935.46 1959.25 1946.68 1977.84 1993.97 1987.72 2024.05 2068.57 2119.17 2143.33 2146.72 2153.66 2184.77 2230.36 2191.77 2198.73 2262.86 2291.66 2275.27 2247.37 2218.72 2204.67 2194.94 2181.53 2177 2176.98 2177.08 2179.13 2187.03 2197.52 2209.25 2255.47 2274.23 2271.3 2280.84 2301.92 2319.42 2334.48 2338.36 2346.51 2345.7 2338.95 2319.19 2313.32 2286.56 2296.58 2292.43 2290 2279.74 2242.51 2194.12 2168.32 2142.51 2115.06 2089.9 2075.48 2127.87 2103.96 2053.36 2013.64 1970.98 1930.44 1900.62 1852.27 1761.06
1879.6 1886.37 1896.4 1914.88 1938.11 1953.4 1967.46 1993.68 2033.28 2052.31 2070.63 2086.95 2099.59 2135.35 2112.8 2165.08 2127.45 2208.61 2275.76 2290.03 2264.28 2252.8 2245.15 2238.63 2199.1 2179.5 2177 2179.62 2180.09 2179.04 2184.29 2192.95 2219.72 2235.85 2257.37 2281.69 2279.55 2293.91 2310.44 2310.7 2317.84 2348.13 2367.28 2368.53 2355.25 2324.93 2301.91 2317.81 2315.77 2303.06 2315.41 2262.45 2224.3 2217.55 2208.83 2150.42 2115.63 2110.51 2166.38 2152.75 2072.94 1999.53 1942.86 1924.44 1898.75 1828.5 1762.23
1900.75 1925.36 1937.83 1919.12 1947.09 1959.73 1970.81 2004.55 2011.44 2022.79 2047.71 2093.04 2082.95 2065.92 2068.44 2070.83 2103.24 2194.14 2276 2276.65 2295.11 2284.05 2265.93 2244.42 2186.64 2176.96 2177.44 2193.73 2191.69 2190.57 2198.63 2208.65 2238.03 2262.9 2265.14 2296.75 2284.53 2263.91 2271.06 2285.79 2314.8 2345.28 2374.37 2396.64 2367.26 2328.75 2323.63 2332.59 2310.33 2290.79 2295.64 2264.89 2229.98 2220.34 2238.17 2220.84 2144.66 2149.97 2208.95 2161.36 2087.77 2011.02 1928.48 1900.4 1902.15 1821.89 1754.49
1895.38 1933.53 1946.58 1939.37 1959.84 1967.85 1974.25 1990.84 2003.7 2015.4 2029.19 2063.34 2042.86 2031.35 2039.02 2080.76 2133.45 2225.07 2206.08 2236.34 2251.13 2254.89 2252.24 2224.96 2179.31 2177.02 2179.42 2197.42 2200.05 2199.48 2211.29 2230.41 2264.94 2302.61 2299.45 2303.4 2270.74 2248.97 2283.01 2310.9 2353.97 2366.24 2412.09 2406.3 2375.02 2381.56 2365.71 2341.42 2345.25 2300.25 2254.55 2230.51 2212.42 2192.67 2207.72 2206.64 2157.34 2129.2 2175.99 2090.01 2009.48 1934.71 1912.34 1859.61 1895.16 1812.09 1763.34
1901.72 1962.47 1966.79 1960.49 1959.52 1965.94 1977.16 1982.89 1997.98 1999.68 2000.93 2033.29 2036.49 2021.85 2054.67 2089.6 2164.27 2201.52 2150.05 2175.56 2175.99 2197.6 2211.91 2198.58 2176.94 2180.49 2189.61 2185.18 2198.68 2201.93 2220.03 2241.33 2266.59 2293.87 2299.65 2291.56 2234.18 2264.66 2312.63 2365.48 2401.42 2398.72 2400.6 2437.62 2408.59 2440.62 2406.62 2374.61 2376.64 2292.91 2214.51 2183.45 2169.11 2165.06 2156.5 2136.86 2105.8 2080.18 2103.24 2058.28 1999.76 1929.95 1877.72 1831.1 1878.22 1825.83 1780.79
1900.41 1979.17 1989.3 1977.53 1970.66 1976.61 1982.77 1981.09 1984.96 1985.93 1992.48 1999.18 2007.18 2020.5 2052.07 2100.08 2095.03 2116.84 2120.69 2158.18 2144.92 2153.6 2203.1 2180.81 2177 2188.56 2211.19 2214.88 2213.14 2201.99 2220.94 2243.91 2277.66 2287.04 2286.2 2234.73 2235.81 2250.85 2292.69 2377.86 2425.75 2430.92 2433.87 2435.12 2482.91 2508.18 2444.21 2405.04 2370.31 2308.36 2309.88 2237.13 2168.9 2154.52 2127.06 2103.54 2081.67 2080.84 2011.65 2012.38 1967.2 1880.34 1861.38 1833.3 1794.29 1803.28 1781.76
1899.9 1961.57 1996.71 2001.46 1998.09 2000.65 1997.05 1983.49 1980 1980.94 1985.89 1994.38 2007.47 2028.55 2046.05 2045.04 2051.18 2079.58 2109.69 2137.74 2119.14 2161.93 2187.65 2177.84 2181.34 2207.2 2221.77 2223.97 2222.69 2217.93 2226.83 2245.03 2273.29 2270.87 2242 2216.23 2260.86 2287.71 2290.94 2348.17 2414.54 2421.41 2443.05 2496.4 2501.75 2535.93 2530.57 2467.94 2378.64 2366.38 2356.38 2340.27 2224.13 2140.71 2105.66 2076.44 2040.98 2044.59 1976.4 1966.55 1969.24 1878.29 1819.23 1823.13 1749.92 1782.65 1760.11
1906.15 1954.62 1998.49 2020.3 2013.44 1999.46 1987.96 1980.1 1979.99 1980 1983.84 1990.23 1998.86 2006.94 2020.16 2052.62 2085.8 2135.84 2137.42 2121.5 2106.59 2119.18 2158.94 2163.54 2180.1 2206.72 2224.88 2221.06 2205.45 2208.47 2240.35 2261.85 2261.02 2260.26 2235.47 2203.75 2240.73 2277.22 2315.82 2358.99 2361.84 2364.28 2444.57 2488.06 2550.74 2571.53 2538.29 2478.25 2415.96 2413.55 2422.93 2382.85 2298.65 2193.95 2139.08 2048.74 2001.21 2019 1952.12 1885.77 1938.64 1861.28 1809.48 1776.51 1744.31 1736.47 1742.59
1965.66 1986.54 2015.03 2015.12 2020.16 2004.3 1984.3 1978.5 1978.91 1978.97 1980.11 1984.72 1997.17 2013.94 2040.17 2064.79 2100.78 2118.62 2136.4 2123.53 2102.35 2133.17 2158.92 2158.52 2161.2 2173.67 2217.09 2221.25 2180.16 2208.7 2238.12 2246.68 2245.82 2229.68 2211.61 2204.04 2244.62 2267.47 2273.95 2318.1 2328.22 2348.91 2407.05 2522.99 2568.43 2595.52 2582.68 2532.24 2470.4 2456.08 2432.14 2388.01 2313.91 2236.11 2178.02 2094.19 2013.21 1969.15 1934.71 1843.61 1886.81 1836.77 1791.93 1750.05 1706.87 1705.88 1720.86
1976.39 1948.36 2003 2009.71 1974.59 1972.12 1980.08 1977.03 1977 1977.77 1980.69 1992.55 2001.38 2016.81 2039.39 2073.62 2095.05 2116.46 2112.81 2100.7 2103.89 2127.4 2158.95 2149.68 2127.6 2144.22 2159.67 2187.1 2152.54 2153.96 2162.8 2204.45 2241.26 2208.79 2190.85 2194.73 2224.55 2231.89 2261.34 2265.51 2300.75 2348.75 2397.09 2420.61 2506.91 2577.78 2550.64 2501.05 2478.61 2450.14 2422 2412.47 2342.92 2294.85 2229.16 2125.09 2024.65 1940.23 1892.59 1814.98 1819.06 1784.34 1761.43 1710.16 1698.36 1663.23 1682.36
1925.68 1947.3 1960.11 1958.79 1960.96 1964.91 1978.62 1976.99 1977 1978.25 1986.99 1998.96 2017.42 2037.6 2059.3 2096.12 2108.46 2114.87 2099.99 2088.62 2095.93 2115.13 2132.88 2106.36 2101.94 2117.17 2123.78 2128.74 2157.71 2171.68 2151.13 2216.42 2213.07 2191.37 2180.39 2197.64 2206.02 2218.65 2245.37 2273.23 2306.39 2319.94 2347.11 2391.75 2479.42 2600.25 2516.69 2466.79 2470.19 2495.07 2497.41 2466.36 2370.13 2281.43 2228.92 2143.7 2054.43 1977.53 1880.38 1822.67 1785.62 1750.85 1739.32 1734.8 1724.44 1664.36 1654.4
1959.34 1961.24 1977.8 1967.55 1978.24 1980.34 1980.02 1979.22 1977.01 1979.3 1987.18 1997.84 2015.47 2040.26 2074.84 2089.75 2095.42 2097.79 2088.5 2078.45 2080.08 2084.23 2086.97 2103.77 2131.7 2179.64 2218.19 2224.11 2270.92 2259.97 2198.72 2164.18 2178.33 2179.28 2199.01 2211.64 2226.13 2243.21 2233.62 2259.24 2297.49 2341.82 2382.63 2415.01 2470.03 2504.1 2456.94 2433.81 2458.67 2522.9 2537.04 2495.54 2380.91 2295.5 2230.92 2135.11 2069.03 1985.18 1874.02 1821.85 1799.5 1804.18 1792.89 1797.17 1765.15 1728.21 1610.98
1981.71 1969.37 1983.74 1978.9 1980.13 1979.67 1979.96 1979.81 1978.46 1988.82 1996.07 2007.93 2028.69 2038.9 2059.46 2077.24 2081.3 2084 2082.68 2077.42 2066.16 2078.22 2106.51 2157.28 2194.04 2217.59 2272.75 2313.2 2320.52 2285.37 2246.32 2199.54 2179.44 2205.85 2200.23 2212.56 2237.91 2253.98 2254 2282.33 2315.51 2354.7 2408.86 2416.78 2420.22 2416.16 2416.86 2410.6 2476.17 2528.94 2526.24 2455 2346.38 2306.44 2239.7 2124.5 2041.43 1983.26 1913.06 1853.54 1832.73 1818.47 1813.36 1821.62 1775.9 1702.83 1604.62
1983.84 1979.25 1980.16 1979.86 1983.99 1988.49 1986.61 1980.16 1987.21 1999.83 1999.09 2022.11 2039.15 2039 2044.58 2065.18 2069.9 2065.88 2066.71 2060.64 2064.1 2082.43 2147.85 2175.04 2210.57 2237.47 2280.68 2315.95 2321.59 2281.74 2251.81 2216.17 2225.91 2239.16 2225.26 2228.54 2239.13 2259.44 2267.74 2289.64 2312.88 2336.77 2377.67 2402.13 2391.94 2380.03 2382.48 2405.88 2461.76 2498.2 2498.51 2419.01 2302.74 2242.75 2186.94 2118.26 2031.73 1982.46 1943.27 1907.05 1850.98 1836.2 1834.93 1794.95 1700.97 1662.54 1561.44
1984.32 1983.77 1994.33 1993.19 2001 2000.92 1997.33 1992.65 1999.77 2015.89 2028.82 2021.84 2030.06 2037.07 2037.03 2041.73 2052.11 2057.14 2057.67 2063.29 2083.63 2117.19 2176.01 2192.52 2224.47 2281.73 2300.92 2304.16 2300.1 2265.84 2256.06 2229.85 2258.99 2250.47 2241.37 2257.49 2265.45 2275.04 2283.96 2306.66 2346.74 2384 2389.88 2392.36 2373.41 2363.76 2359.71 2370.22 2410 2420.56 2433.84 2422.23 2311.57 2212.12 2172.17 2102.19 2040.18 1976.89 1952.6 1903.22 1847.53 1827.71 1818.94 1772.31 1672.5 1573.46 1507.95
1998.45 1999.33 2010.3 2006.72 2014.04 2013.62 2005.54 1997.22 1998.39 2019.29 2050.24 2054.57 2049.7 2038.91 2039.15 2038.12 2042.09 2058.58 2074.89 2081.25 2130.09 2201.77 2226.5 2232.98 2252.27 2282.98 2289.53 2281.6 2281.89 2272.24 2258.45 2258.96 2263.9 2259.44 2260.58 2260.22 2263.65 2279.54 2295.93 2310.36 2346.08 2370.17 2383.19 2374.29 2362.72 2348.82 2346.33 2352.08 2370.71 2386.66 2393.18 2397.33 2307.06 2227.97 2175.13 2096.78 2049.81 1983.91 1880.96 1865.4 1831.99 1768.65 1765.99 1789.07 1706.82 1607.91 1507.32
2004.03 2008.05 2042.15 2041.59 2032.05 2040.67 2027.17 2012.8 2004.15 2014.29 2044.82 2074.64 2075.36 2062.39 2041.58 2037 2041.56 2064.25 2119.31 2152.15 2138.01 2209.26 2226.13 2227.84 2248.39 2257.76 2260.3 2259.32 2261.46 2270.31 2260.46 2260.87 2263.01 2255.78 2242.21 2258.43 2266.46 2280.92 2291.96 2309.62 2330.79 2354.14 2361.69 2357.83 2350.45 2340.01 2330.72 2324.39 2351.5 2364.8 2363.04 2372.34 2310.15 2262.01 2196.72 2115.07 2074.09 2015.27 1938.75 1833.5 1827.3 1746.27 1721.31 1737.88 1713.11 1640.21 1545.46
