DATA/COLIMA_0/inidata/topo.grd
DSAA
650 500
  -104.29962877814579000   -103.00162877814579000
    19.00196806742922100     19.99996806742922200
-98.3427 4230.73
[rows 210 to 239 of 500, columns 268 to 334 of 650]
1079.24 1092.04 1107.84 1120.75 1132.01 1141.09 1149.07 1139.87 1149.65 1167.61 1185.1 1181.63 1189.63 1201.73 1216.28 1219.71 1253.58 1260.88 1209.36 1225.62 1311.35 1347.98 1324.29 1277.66 1272.12 1278.43 1360.66 1364.93 1381.82 1386.26 1387.26 1389.11 1413.05 1397.87 1418.96 1431.88 1435.38 1436.69 1470.02 1495.6 1517.44 1519.7 1518.28 1550.86 1551.22 1529.64 1539.41 1537.84 1557.88 1575.06 1589.56 1606.96 1577.01 1547.26 1577.06 1560.85 1538.74 1552.54 1587.36 1620.46 1586.63 1573.91 1628.71 1639.13 1628.78 1611.43 1595.52
1055.13 1099.13 1109.95 1120.15 1140.83 1145.91 1158.9 1171.64 1177.11 1177.76 1189.65 1214.5 1203.39 1223.5 1247.61 1200.13 1186.16 1178.44 1226.22 1274.05 1299.65 1298.52 1280.27 1238.63 1242.72 1289.95 1324.79 1290.65 1363.5 1397.37 1418.88 1415.75 1420.96 1436.88 1434.81 1462.31 1472.69 1465.11 1501.79 1520.34 1519.48 1538.35 1541.5 1562.68 1595.51 1561.76 1551.74 1569.91 1573.34 1580.98 1604.09 1631.06 1598.42 1562.82 1595.36 1576.53 1569.51 1586.98 1602.62 1637.32 1622.39 1610.95 1623.39 1640.18 1641.18 1630.5 1597.69
1084.77 1088.74 1110.14 1119.04 1135.59 1153.43 1182.63 1168.94 1136.78 1138.13 1146.06 1173.35 1148.83 1182.23 1212.6 1234.53 1173.97 1158.78 1202.7 1249.73 1292.27 1222.71 1219.32 1239.24 1249.91 1258.33 1276.19 1320.65 1306.51 1329.89 1392.07 1439.65 1451.28 1459.8 1477.88 1491.44 1501.58 1500.04 1503.28 1520.05 1521.17 1538.47 1554.01 1588.64 1574.22 1580.45 1578.96 1578.67 1587.64 1589.41 1620.11 1627.69 1632.6 1606.25 1583.77 1586.39 1624.63 1610.52 1633.61 1660.81 1649.37 1616.56 1612.13 1657.38 1654.33 1638.07 1612.03
1083.28 1085.05 1099.63 1126.77 1156.21 1176.94 1163.67 1101.06 1102.98 1125.96 1116.3 1123.8 1126.02 1153.66 1140.95 1156.1 1140.28 1126.71 1202.44 1221.32 1188.06 1187.8 1226.38 1255.72 1277.74 1305.77 1321.49 1344.85 1382.48 1351.1 1384.18 1422.83 1448.21 1479.48 1488.16 1517.91 1518.13 1498.18 1506.01 1511.58 1542.9 1567.62 1578.77 1573.49 1568.92 1568.74 1589.34 1599.5 1607.11 1622.9 1674 1697.71 1698 1690.17 1619.64 1641.07 1658.65 1647.09 1662.05 1669.52 1671.18 1664.63 1640.86 1662.42 1659.07 1636.93 1636.65
958.733 956.497 974.374 1072.83 1091.99 1119.88 1131.16 1080.27 1059.9 1045.79 1055.62 1079.87 1077.4 1084.27 1098.63 1150.04 1157.64 1166.66 1159.38 1165.7 1211.81 1223.76 1225.71 1244.26 1267.5 1286.05 1321.58 1346.32 1373.2 1378.74 1373.49 1401.03 1438.9 1445.84 1507.49 1540.41 1528.79 1526.28 1519.29 1537.56 1542.59 1548.34 1496.68 1468.1 1501.48 1487.66 1573.85 1607.77 1626.7 1638.55 1691.84 1705.68 1719.86 1712.11 1660.1 1669.95 1685.32 1699.53 1693.42 1685.48 1688.23 1697.01 1696.04 1672.46 1660.37 1639.35 1637.9
956.554 1036.51 1060.17 981.776 1024.01 1026.06 1041.24 1019.03 1038.04 1047.3 1108.45 1150.77 1125.18 1140.26 1160.42 1147.89 1157.47 1183.67 1197.83 1220.19 1221.02 1219.64 1244.47 1264.11 1284.77 1282.74 1301.79 1328.73 1357.1 1398.49 1395.36 1427.33 1434.44 1463.28 1520.07 1529.44 1549.68 1534.93 1490.66 1473.9 1537.93 1499.81 1428.8 1421.61 1419.36 1511.93 1625.05 1667.72 1652.83 1656.36 1696.67 1701.74 1719.52 1723.53 1719.3 1716.43 1696.07 1625.07 1641.15 1644.79 1705.55 1708.45 1681.58 1664.58 1653.32 1643 1639.35
917.972 962.82 1010.18 1024.06 1056.15 1028.7 1072.05 1052.05 1106.51 1102.79 1089.78 1141.03 1178.91 1180.47 1179.57 1180.58 1154.74 1157.71 1185.17 1202.96 1218.86 1222.78 1236.62 1258.55 1285.31 1326.76 1321.35 1326.19 1353.02 1389.62 1422.4 1428.6 1422.53 1468.1 1423.31 1470.53 1541.45 1481.95 1445.88 1429.48 1486.27 1446.89 1405.95 1397 1402.3 1453.47 1471.39 1559.39 1621.69 1658.18 1703.39 1715.32 1693.49 1656.69 1663.36 1698.39 1695.72 1622.63 1583.03 1613.69 1692.47 1701.21 1692.23 1672.31 1659.36 1660.28 1656.03
916.694 932.234 975.303 1058.52 1092.55 1101.45 1116.3 1106.96 1137.57 1147.24 1150.74 1122.4 1156.61 1159.76 1174.31 1193.8 1200.56 1195.05 1211.84 1219.42 1231.52 1254.8 1250.51 1294.62 1281.89 1314 1350.54 1355.86 1374.9 1411.21 1437.1 1436.85 1423.86 1423.37 1382.4 1427.2 1501.63 1438.13 1402.72 1416.7 1459.33 1401.54 1434.78 1402.11 1469.7 1548.83 1440.89 1507.15 1557.59 1591.95 1669.05 1673.12 1614.94 1587.49 1597.68 1612.14 1591.32 1580.53 1588.24 1660.18 1711.15 1712.66 1703.8 1701.49 1724.23 1706.69 1658.75
899.571 915.026 936.971 962.551 995.429 1022 1118.78 1152.53 1169.57 1173.55 1178.58 1168.75 1164.02 1177.22 1208.56 1208.33 1222.48 1228.83 1250.93 1243.34 1264.99 1296.35 1279.94 1324.07 1323.77 1314.3 1328.13 1323.77 1332.99 1337.94 1430.22 1443.29 1355.94 1360.55 1372.19 1404.83 1462.47 1473.65 1383.51 1388.79 1459.94 1451.78 1397 1397 1453.15 1486.64 1443.78 1442.98 1503.74 1589.25 1561.71 1597.56 1541.2 1565.44 1557.88 1558.41 1568.39 1577 1579.51 1612 1696.02 1729.24 1720.45 1749.25 1809.86 1772.74 1701.25
1002.73 937.907 899.124 935.681 965.097 984.688 1029.43 1099.54 1157.35 1208.56 1197.26 1198.32 1211.51 1222.55 1195.46 1220.49 1247.29 1265.3 1272.11 1289.49 1286.29 1297.89 1305.87 1318.23 1243.56 1224.81 1276.58 1297.17 1327.46 1339.35 1427.29 1359.47 1337.08 1343.87 1428.51 1427.39 1416.18 1429.67 1378.65 1382.34 1398.44 1491.38 1418.76 1397 1403.28 1438.74 1436.63 1431.38 1489.9 1504.13 1523.41 1520.78 1558.46 1570.51 1550.87 1559.34 1567.95 1581.26 1586.04 1667.09 1706.35 1748.7 1812.52 1780.64 1879.36 1868.53 1789.77
1107.69 1079.63 976.338 920.856 952.668 990.987 999.203 1039.03 1101.12 1084.73 1088.05 1058.6 1151.02 1129.31 1081.3 1116.34 1174.98 1145.64 1145.81 1197.47 1221.25 1230.93 1314.22 1261.19 1209.64 1210.01 1276.5 1374.47 1399.03 1408.75 1453.36 1405.31 1324.48 1330 1402.09 1468.75 1383.99 1446.59 1397.81 1380.21 1377.07 1468.13 1479.64 1398.72 1398.51 1425.36 1423.78 1435.67 1440.83 1456.04 1475.15 1526.74 1575.45 1538.2 1540.68 1557.03 1571.78 1588.21 1597.37 1612.81 1621.09 1689.44 1748.8 1831.47 1874.29 1924.99 1886.91
1110.81 1126.3 1085.33 1022.46 961.877 950.389 986.581 1009.86 1054.74 1037.06 1010.41 1008.43 1016.78 1030.27 1037.7 1044.31 1063.92 1089.75 1101.87 1122.68 1156.87 1258.19 1210.58 1184.65 1187.36 1210.39 1257.61 1319.46 1354.53 1334.5 1352.6 1392.5 1311.89 1325.65 1337.43 1418.35 1394.41 1435.67 1552.07 1434.56 1379 1429.94 1410.67 1398.19 1399.01 1410.22 1422.14 1440.92 1447.49 1461.55 1479.24 1496.98 1530.28 1537.8 1549.28 1561.51 1579.42 1595.34 1606.74 1616.26 1624.22 1662.04 1727.17 1760.9 1794.89 1852.02 1865.52
1180.69 1150.38 1145.18 1134.35 1062.58 981.238 954.414 959.092 967.225 979.875 999.649 1019.38 1038.81 1051.83 1057.29 1056.74 1062.54 1079.71 1098.98 1105.4 1119.04 1174.93 1148.1 1156.76 1180.7 1249.93 1331.71 1284.9 1313.63 1372.05 1373.28 1317.82 1303.12 1380.02 1406.47 1446.53 1366.5 1359.86 1418.7 1374.92 1369.42 1374.68 1378.99 1387.05 1398.57 1411.76 1429.46 1441.21 1493.77 1476.33 1489.82 1503.66 1516.61 1530.51 1551.05 1569.81 1588.38 1607.46 1619.4 1630.64 1641.63 1665.32 1678.63 1704.82 1753.22 1840.44 1846.79
1130.48 1176.79 1184.28 1174.95 1180.9 1086.8 1025.46 992.313 1001.17 1005.94 1017.62 1021.5 1038.4 1053.28 1106.85 1136.47 1101.77 1077.02 1096.91 1113 1119.5 1136.43 1142.94 1168 1277.25 1253.22 1252.22 1257.47 1278 1252.03 1332.41 1296.99 1282.38 1364.1 1310.95 1371.98 1358.84 1357 1357.02 1359.99 1360.32 1368.92 1382.96 1393.97 1399.5 1439.01 1505.98 1443.69 1480.92 1516.56 1501.03 1512.42 1526.6 1541.16 1558.22 1577.97 1596.73 1618.42 1635.71 1648.57 1657.52 1671.07 1684.22 1696.35 1730.21 1835.08 1812.2
1108.37 1150.35 1177.34 1168.52 1198.74 1140.18 1144.01 1090.07 1023.34 1033.74 1090.36 1046.62 1064.56 1068.07 1097.9 1169.64 1187.31 1151.17 1098.55 1100.24 1120.04 1129.61 1141.01 1189.55 1176.69 1185.19 1202.61 1215.55 1217.1 1296.36 1305.17 1277.57 1277.58 1278.75 1301.05 1380.47 1358.39 1357 1357.52 1365.02 1376.86 1379.79 1392.68 1403.88 1421.43 1417.52 1433.6 1497.82 1483.33 1526.73 1517.61 1520.08 1534.69 1551.27 1568.87 1585.58 1602.2 1626.09 1646.56 1664.35 1675.47 1686.7 1703.03 1713.03 1726.19 1818.08 1814.26
1117.93 1115.21 1136.05 1146.97 1168.63 1177.21 1192.25 1198.23 1148.04 1151.61 1116.31 1115.97 1117.47 1076.56 1089.01 1163.67 1248.25 1243.24 1207.78 1108.18 1120.03 1134.57 1147.37 1159.2 1171.25 1184.79 1201.31 1220.22 1254.74 1252.56 1262.91 1277.1 1278.85 1339.83 1318.32 1338.34 1340.99 1356.52 1366.38 1378.56 1385.92 1394.35 1399.6 1442.11 1515.65 1443.55 1444.91 1439.36 1485.64 1518.57 1520.26 1531.82 1545.34 1560.59 1575.71 1588.48 1611.76 1628.93 1655.73 1679.4 1692.67 1699.29 1717.86 1736.89 1752.21 1842.33 1840.34
1195.11 1165.66 1148.65 1166 1178.91 1188.82 1205.17 1206.33 1221.21 1213.91 1183.11 1247.16 1158.28 1098.79 1078.64 1154.33 1276.28 1293.33 1229.12 1167.13 1136.17 1132.63 1144.09 1151.38 1179.51 1194.75 1201.57 1218.14 1232.47 1241.5 1259.06 1273.01 1291.44 1305.76 1317.89 1333.05 1345.03 1360.45 1373.77 1386.74 1400.24 1413.49 1457.39 1439.04 1454.38 1448.87 1488.12 1508.95 1527.62 1520.01 1521.47 1534.07 1559.37 1566.76 1585.65 1610.42 1674.57 1645.95 1702.89 1696.48 1712.13 1710.99 1726.94 1751.67 1769.98 1803.31 1887.07
1207.5 1218.23 1234.47 1244.64 1254.82 1201.43 1202.7 1239.18 1231.89 1240.22 1260.09 1281.09 1290.55 1212.17 1101.99 1155.64 1254.97 1318.64 1296.89 1211.85 1177.19 1187.14 1165.27 1153.42 1180.06 1220.69 1218.17 1219.43 1239.06 1247.03 1265.43 1280.63 1295.16 1304.47 1318.72 1334.94 1357.59 1374.95 1394.95 1493.43 1428.61 1420.45 1439.06 1443.46 1443.12 1464.23 1473.46 1480.48 1485.13 1508.34 1523.49 1541.57 1561.3 1593.06 1601.51 1617.03 1631.63 1648.49 1692.41 1705.51 1730.7 1749.4 1752.76 1773.19 1820.21 1824.25 1890.08
1217.42 1225.84 1238.45 1256.44 1243.17 1214.06 1217.13 1280.05 1253.88 1245.68 1259.72 1274.74 1298.45 1292.09 1190.22 1127.21 1147.41 1237.47 1294.94 1303.59 1280.81 1251.74 1208.9 1183.16 1179.45 1201.24 1226.92 1230.68 1240.73 1256.62 1263.75 1284.6 1299.16 1314.54 1327.79 1339.42 1355.44 1375.05 1397.55 1415.31 1423.43 1437.02 1443.6 1463.05 1521.89 1483.22 1480.26 1481.4 1485.96 1495.53 1520.25 1546.39 1568.15 1601.34 1614.74 1635.94 1653.9 1666.44 1691.66 1727.21 1740.04 1755.52 1784.96 1809.34 1843.4 1869.15 1922.66
1217.95 1224.81 1232.39 1236.66 1247.75 1257.2 1258.81 1298.36 1309.63 1292.81 1281.53 1266.63 1281.21 1308.22 1319.35 1232.03 1212.64 1171.41 1178.4 1192.21 1241.25 1257.8 1291.6 1205.08 1185.29 1204.78 1300.08 1241.64 1239.39 1260.36 1278.87 1282.45 1300.83 1316.82 1336.04 1345.53 1359.72 1373 1398.15 1412.14 1431.29 1442.53 1457.35 1466.61 1481.74 1497.36 1495.21 1496.27 1489.02 1497.13 1524.29 1545.48 1579.78 1628.73 1625.95 1651.95 1672.71 1696.57 1743.38 1762.53 1798.57 1799.28 1826.81 1886.29 1937.17 1978.07 1923.74
1199.62 1214.8 1224.66 1231.47 1243.73 1257.59 1263.32 1277.35 1282.27 1291.97 1308.18 1303.65 1313.7 1315.79 1328.68 1335.87 1323.34 1265.07 1290.37 1246.9 1232.98 1324.28 1310.81 1231.24 1202.74 1201.72 1251.37 1237 1248.73 1287.13 1293.91 1294.01 1299.1 1320 1338.6 1349.3 1366.81 1383.15 1399.63 1412.4 1430.22 1449.14 1467.97 1480.13 1491.97 1508.92 1513.41 1510.23 1512.11 1523.68 1549.02 1559.98 1586.23 1607.34 1669.83 1728.27 1729.41 1763.89 1765.2 1811.2 1859.88 1856.41 1808.08 1870.69 1959.33 2041.04 2062.87
1219.53 1209.96 1204.9 1229.4 1239.5 1245.28 1247.86 1261.55 1261.17 1271.13 1279.26 1316.62 1322.22 1326.85 1339.76 1357.55 1377.52 1381.92 1380.39 1370.99 1284.43 1254.9 1327.8 1225.42 1200.07 1220.55 1274.48 1238.46 1279.74 1321.29 1317.01 1304.6 1313.52 1320.79 1338.95 1358.84 1377.33 1393.4 1405.75 1425.99 1438.92 1448.15 1467.37 1488.06 1505.15 1525.81 1534.54 1547.85 1571.49 1693.86 1732.93 1683.56 1671.95 1636.75 1698.19 1823 1843.25 1885.25 1772.1 1816 1877.8 1930.75 1880.87 1845.96 1918.78 2064.01 2118.47
1226.67 1230.97 1233.11 1219.96 1236.79 1240.63 1253.28 1259.02 1269.03 1278.2 1300.59 1317.05 1337.43 1338.4 1337.31 1342.21 1357.86 1376.65 1386.59 1397.81 1356.85 1275.19 1315.2 1263.25 1223.42 1304.79 1350.59 1316.49 1360.22 1318.16 1318.25 1317.99 1325.43 1335.43 1347.46 1362.61 1377.9 1398.94 1407.25 1431.46 1450.47 1462.37 1481.75 1499.21 1519.4 1534.07 1554.21 1594.98 1620.91 1634.42 1700.13 1800.36 1741.13 1686.89 1740.33 1803.99 1857.11 1841.56 1849.33 1890.16 1947.01 2000.66 1986.36 1888.8 1953.61 2100.77 2118.1
1232.28 1240.75 1250.08 1255.59 1241.81 1255.9 1257.93 1277.01 1290.11 1299.95 1304.66 1319.63 1337.05 1339.81 1344.56 1356.63 1359.58 1365.95 1381.83 1397.35 1377.41 1318.71 1348.59 1279.47 1219.52 1242.24 1259.16 1292.4 1338.74 1321.9 1336.45 1330.88 1337 1348.92 1358.99 1373.31 1393.86 1418.5 1426.54 1438.39 1457.66 1477.01 1495.91 1520.98 1539.07 1556.08 1563.43 1579.45 1601.95 1619.08 1633.25 1639.4 1653.11 1671.8 1741.37 1784.79 1757.67 1812.3 1888.53 1925.74 2042.04 2092.87 2098.58 1941.94 1977.45 2125.7 2140.47
1235.31 1248.14 1256.73 1265.01 1259 1259.72 1271.42 1280.56 1294.81 1302.83 1305.98 1315.41 1323.6 1327.46 1340.35 1359.4 1362.31 1378.94 1387.4 1398.22 1377.11 1340.46 1348.47 1327.87 1256.13 1248.94 1245.91 1259.53 1274.5 1367.09 1402.65 1381.52 1340.17 1351.68 1380.26 1380.49 1395.59 1413.76 1438.15 1457.17 1463.38 1485.93 1517.11 1539.92 1559.06 1569.71 1587.3 1603.33 1620 1639.83 1658.31 1659.42 1658.97 1669.35 1687.28 1736.36 1742.85 1777.16 1816.84 1886.67 1992.28 2113.9 2138 2021.73 1942.34 2075.56 2165.7
1228.63 1240.4 1248.41 1260 1260.99 1265.89 1278.46 1287.68 1295.61 1301 1302.66 1300.43 1311.54 1319.81 1335.67 1342.06 1357.71 1363.4 1374.45 1398.96 1378.3 1391.56 1367 1371.23 1311.75 1316.87 1356.05 1341.6 1278.8 1354.45 1431.14 1339.81 1338.32 1346.21 1384.25 1396.75 1405.72 1420.32 1435.01 1456.5 1476.38 1498.2 1521.11 1535.28 1565.49 1586.94 1598.8 1621.73 1646.93 1663.85 1681.51 1678.28 1664.73 1668.89 1695.48 1719.96 1746.07 1783.34 1816.58 1882.25 1945.33 2066.79 2173.11 2140.01 1978.94 2070.82 2178.66
1210.88 1224.67 1246.28 1261 1263.03 1272.14 1282.83 1295.38 1300 1299.81 1278.71 1295.5 1312.94 1327.88 1342.51 1359.69 1368.3 1372.27 1385.66 1400.47 1419.21 1433.46 1378.48 1383.43 1382.38 1394.54 1420.94 1364.64 1300.59 1300.87 1338.16 1404.92 1352.57 1339.09 1366.05 1411.04 1415.75 1430.26 1441.59 1458.54 1493.17 1512.16 1524.99 1546.74 1571.18 1588.33 1612.93 1640.51 1663.5 1688.7 1706.02 1698.78 1700.09 1679.02 1703.4 1739.88 1743.85 1787.92 1881.53 1969.64 2072.54 2081.45 2200.12 2161.05 2115.7 2042.76 2098.37
1220.55 1238.36 1239.95 1252.69 1260.01 1265.23 1280.76 1287.21 1296.42 1279.68 1266.85 1303.55 1319.84 1334.68 1350.58 1369.07 1382.49 1401.81 1408.84 1429.53 1435.67 1451.22 1396.8 1390.46 1401.86 1426.97 1408.16 1360.3 1370.3 1301.69 1367.36 1472.38 1441.72 1419.04 1404.26 1436.94 1454.73 1445.08 1451.85 1470.19 1485.04 1502.43 1520.8 1541.91 1567.67 1594.11 1623.41 1646.25 1683.51 1709.3 1723.03 1747.09 1769 1697.82 1736.98 1733.73 1759.96 1792.85 1870.73 1948.62 2037.94 2163.17 2226.65 2225.84 2218.71 2197.16 2153.27
1219.05 1228.6 1223.64 1235.02 1245.99 1259.83 1271.29 1282.2 1284.85 1262.52 1242.16 1297.78 1304.71 1318.96 1342.67 1369.9 1388.68 1406.17 1413.57 1420.1 1431.74 1449 1464.87 1488.67 1489.54 1428.84 1422.14 1430.53 1350.56 1319.06 1345.18 1401.63 1463.33 1523.84 1509.2 1532.27 1515.01 1479.48 1486.46 1480.42 1484.92 1573.41 1550.28 1540.95 1575.21 1596.71 1611.24 1641.55 1669.04 1711.49 1753.58 1761.43 1812.11 1782.97 1797.13 1754.8 1776.87 1812.46 1839.46 1885.46 1962.23 2089.12 2211.17 2298.56 2287.55 2284.33 2281.78
1207.73 1212.8 1215.74 1227.92 1246.41 1259.62 1259 1187.89 1109.72 1166.49 1223.51 1264.37 1312.39 1312.59 1327.41 1341.24 1364.62 1397.08 1377.45 1390.42 1402.03 1421.68 1445.26 1479.23 1507.74 1448.16 1436.04 1440.62 1358.51 1382.26 1339.99 1361.13 1441.2 1510.63 1546.18 1562.61 1584.44 1582.23 1593.93 1555.29 1564.55 1626.89 1630.91 1616.35 1623.47 1640.97 1617.42 1673.48 1668.86 1739.96 1765.72 1793.45 1812.71 1897.19 1840.37 1826.26 1797.61 1832.58 1843.56 1878.47 1965.63 2058.06 2192.32 2336.58 2366.58 2357.78 2342.12
