DATA/COLIMA_0/inidata/topo.grd
DSAA
650 500
  -104.29962877814579000   -103.00162877814579000
    19.00196806742922100     19.99996806742922200
-98.3427 4230.73
[rows 390 to 419 of 500, columns 268 to 334 of 650]
1439.16 1492.38 1578.91 1658.89 1659.1 1723.05 1762.34 1745.48 1710.41 1802.08 1925.35 2052.62 2032.11 2020.67 2072.18 2083.91 2091.41 2015.36 2005.01 2072.16 2121.66 2140.58 2137.61 2091.01 2036.31 1997.74 1964.66 1963.07 1988.82 1975.28 1959.93 1982.45 2032.23 2049.14 2038.9 2063.39 2070.19 2069.67 2069.09 2109.58 2133.11 2159.48 2164.99 2121.38 2089.17 2008.35 1994.44 2036.33 2026.66 2007.33 2040.93 2081.51 2114.23 2140.55 2165.02 2183.69 2202.74 2219.96 2219.78 2237.31 2245.8 2263.43 2273.93 2301.09 2324.38 2396.38 2409.28
1467.08 1484.24 1547.96 1632.49 1692.51 1769.05 1850.6 1848.38 1823.65 1776.3 1863.65 2022.4 2058.91 2065.04 2057.35 2034.13 2014.68 2012.99 2075.93 2110.13 2135.33 2144.41 2144 2096.41 2034.6 2000.54 1971.99 1968.75 2009.02 2004.81 1982.29 1977.93 2005.97 2044.56 2062.93 2079.4 2095.24 2112.34 2119.16 2085.83 2123.46 2154.49 2161.83 2123.51 2067.6 2065.89 2008.04 2042.22 2059.85 2054.73 2029.86 2075.1 2114.89 2145.31 2126.33 2158.73 2203.66 2201.36 2217.55 2244.25 2259.45 2256.19 2244.2 2263.37 2295.94 2332.49 2409.88
1540.1 1507.26 1537.88 1614.47 1739.05 1848.03 1908.93 1921.32 1929.7 1912.72 1900.08 2041.21 2113.32 2080.72 2040.17 2017.18 2037.21 2055.49 2077.11 2118.87 2140.82 2136.17 2129.28 2098.21 2075.68 2046.5 1982.7 1967.28 2018.09 2024.41 2009.53 1995.35 1981.43 1996.74 2016.29 2038.23 2088.1 2124.38 2139.58 2125.9 2104.61 2147.15 2148.32 2113.4 2115.29 2110.38 2063.23 2019.97 2071.23 2077.73 2031.05 2093.14 2109.67 2087.28 2105.51 2149.87 2177.33 2189.72 2183.49 2205.79 2202.25 2213.27 2239.85 2283.04 2315.3 2350.29 2391.26
1612.32 1577.59 1643.01 1626.38 1684.92 1756.7 1878.24 2013.93 2004.47 1996.08 1939.61 2045.98 2093.46 2069.38 2034.28 2047.93 2048.35 2065.73 2068.56 2096.66 2104.67 2104.85 2122.4 2146.41 2131.46 2066.48 2000.56 1979.65 2007.2 2046.24 2034.98 2025.64 2011.64 1993.81 1988.32 2034.01 2070.38 2100.85 2143.39 2143.6 2106.39 2132.69 2144.76 2142.88 2153.87 2151.9 2098.67 2032.45 2068.76 2078.16 2086.48 2064.43 2073.36 2086.41 2086.14 2109.56 2150.12 2174.67 2181.62 2199.71 2213.33 2222.61 2217.27 2226.43 2249.79 2277.42 2303.88
1701.77 1685.78 1732.11 1670.14 1714.35 1819.25 1976.68 2113.45 2110.78 2082.86 2036.22 2077.91 2073.5 2044.94 2036.93 2063.39 2091.05 2099.57 2078.2 2101.56 2112.24 2105.76 2127.13 2158.11 2130.56 2061.8 1998.72 1983.1 2006.56 2061 2058.74 2040.89 2021.46 2029.64 1999.01 2020.7 2060.11 2104.39 2144.02 2154.05 2119.34 2118.54 2134.92 2139.27 2156.47 2156.48 2105.98 2078.88 2043.56 2100.44 2109.52 2121.82 2115.6 2111.84 2133.96 2128.56 2116.34 2151.75 2163.45 2156.35 2160.53 2178.62 2183.84 2205.74 2224.15 2245.62 2273.56
1795.23 1753.75 1822.23 1731.24 1789.55 1894.79 2060.82 2205.73 2223.62 2142.35 2108.95 2102.28 2064.9 2077.02 2053.69 2062.76 2102.75 2096.55 2078.14 2121.97 2143.97 2139.97 2126.29 2147.28 2133.08 2056.51 2017.93 2010.73 2014.17 2055.97 2061.92 2048.51 2039.68 2026.51 2005.7 2020.07 2064.34 2106.11 2157.17 2155.36 2123.62 2130.76 2120.56 2136.38 2144.26 2158.7 2147.41 2119.93 2075.11 2069.37 2110.93 2137.46 2142.87 2124.98 2143.04 2161.81 2162.99 2156.07 2153.11 2161.49 2180.31 2207.66 2227.65 2220.22 2229.33 2242.55 2258.56
1818.19 1799.53 1910.87 1837.45 1837.78 1918.67 2060.65 2254.34 2298.44 2221.15 2155.23 2103.26 2108.44 2108.47 2066.41 2070.22 2105.03 2090.07 2082.32 2113.59 2138.03 2153.7 2153.09 2158.9 2117.9 2049.52 2048.72 2058.61 2024.79 2065.69 2076.72 2060.05 2033.88 2005.62 2019.36 2053.67 2055.67 2107.15 2156.93 2155.19 2134.77 2140.31 2140.45 2141.58 2142.14 2158.72 2154.97 2137.89 2110.18 2067.59 2107 2137.32 2145.3 2140.43 2152.57 2170.29 2190 2200.23 2188.82 2187.54 2200.57 2216.35 2240.21 2245.94 2243.98 2236.25 2237.56
1837.36 1869.94 1889.09 1944.67 1946.47 2023.42 2117.55 2182.37 2234.6 2168.19 2134.83 2128.65 2127.74 2099.48 2076.64 2082.88 2119.55 2100.2 2096.06 2084.55 2106.18 2132.92 2154 2167.07 2133.81 2078.38 2065.23 2096.24 2085.05 2070.76 2082.18 2057.27 2022.24 2019.34 2059.49 2096 2107.53 2144.78 2171.1 2163.93 2150.28 2149.08 2156.17 2158.83 2159.93 2160.49 2158.66 2121.18 2096.97 2070.86 2118.96 2129.88 2126.7 2134.76 2150.1 2167.71 2184.86 2200.27 2199.66 2206.22 2221.95 2227.14 2241.49 2236.95 2204.98 2232.4 2269.69
1723.71 1807.64 1832.67 1904.52 2019.37 2114.24 2133.16 2113.19 2137.09 2131.08 2090.66 2139.65 2133.73 2094.8 2096.04 2115.7 2131.64 2114.65 2119.31 2094.16 2096.98 2123.58 2155.71 2180.23 2145.98 2079.36 2099.68 2106.7 2119.94 2098.03 2062.45 2035.66 2022.04 2018.78 2045.19 2097.23 2154.44 2180.98 2183.26 2168.52 2164.02 2160.31 2154.1 2159.38 2156.41 2153.9 2154.21 2138.01 2101.97 2070.82 2079.95 2098.4 2112.93 2134.93 2151.88 2167.38 2181.29 2199.63 2197.99 2205.83 2218.13 2227.48 2224.01 2171.27 2195.23 2244.28 2281.63
1643.02 1685.41 1793.93 1908.46 2010.84 2093.35 2093.39 2076.33 2096.68 2080.58 2067.31 2114.94 2128.68 2120.23 2115.02 2140.05 2138.37 2135.65 2144.3 2129.34 2097.8 2137.3 2169.97 2184.2 2162.64 2101.84 2104.72 2127.51 2141.29 2107.18 2055.27 2040.15 2061.95 2039.08 2022.34 2081.15 2111.14 2142.75 2175.44 2136.45 2143.6 2148.18 2130.09 2141.69 2133.7 2130.5 2127.45 2115.86 2083.01 2091.65 2099.47 2114.58 2117.64 2120.59 2133.73 2150.66 2169.73 2182.07 2182.8 2196.76 2201.05 2204.69 2185.19 2146.19 2196.15 2235.6 2243.03
1624.14 1661.45 1755.14 1873.73 2016.01 2065.07 2044.51 2035.58 2043.14 2035.99 2061.61 2095.51 2120.45 2142.68 2152.75 2150.7 2140.89 2167.03 2173.57 2140.23 2099.85 2121.65 2152.17 2183.91 2171.16 2156.28 2154.33 2145.66 2148.68 2106.1 2057.46 2063.34 2092.24 2073.53 2034.26 2035.3 2058.19 2107.83 2157.1 2128.37 2107.14 2099.62 2106.16 2108.11 2110.59 2109.15 2118.68 2102.77 2106.72 2109.7 2127.07 2124.45 2135.61 2140.95 2150.34 2159.99 2160.08 2166.14 2180.6 2185.93 2178.71 2180.73 2162.97 2120.58 2146.1 2181.94 2198.76
1674.72 1788.73 1801.6 1928.06 2022.35 2080.93 2046.22 2007.16 2017.8 2041.58 2065.92 2094.91 2091.5 2130.64 2153.15 2174.51 2170.31 2187.54 2197.65 2158.66 2127.41 2163.63 2159.05 2183.82 2198.6 2199.28 2181.85 2178.07 2145.68 2093.67 2086.93 2099.06 2101.56 2088.99 2048.41 2039.19 2042.6 2097.56 2118.86 2076.22 2077 2091.27 2107.15 2111.41 2108.23 2100.7 2107.5 2121.33 2121.43 2122.82 2133.42 2142.11 2140.87 2134.25 2144.29 2160.78 2146.11 2166.2 2162.54 2164.47 2159.89 2151.86 2127.02 2126.04 2185.94 2186.82 2181.34
1668.86 1775.21 1854.64 1974.11 2024.96 2040.45 1999.46 2023.8 2062.15 2056.3 2040.02 2059.74 2075.95 2108.47 2147.12 2185.94 2196.25 2183.69 2192.44 2170.35 2154.85 2197.63 2202.13 2193.13 2220.12 2225.28 2227.36 2211.4 2180.5 2121.23 2099.1 2122.6 2118.8 2088.23 2042.93 2062.89 2047.6 2052.23 2066.47 2067.71 2108.39 2137.92 2154.2 2140.02 2134.09 2131.9 2117.75 2120.19 2119.83 2127.78 2137.16 2141.66 2145.31 2130.6 2118.76 2123.58 2143.01 2143.47 2138.83 2121.66 2125.55 2140.55 2124.56 2076.84 2140.97 2145.21 2126.74
1682.84 1741.74 1802.25 1884.13 1893.8 2003.62 1990.33 2051.02 2111.72 2090.88 2048.64 2059.1 2084.21 2136.82 2159.95 2188.14 2208.79 2195.85 2179.21 2186.17 2160.49 2208.69 2222.51 2208.31 2222.76 2237.03 2243.44 2221.35 2173.53 2135.26 2125.25 2144.53 2130.01 2102.29 2054.19 2086.4 2080.71 2057.72 2060.03 2073.72 2100.74 2141.96 2174.26 2167.03 2157.38 2141.13 2117.67 2115.94 2122.58 2131.35 2138.6 2135.64 2124.82 2095.07 2113.1 2139.78 2138.38 2152.47 2163.32 2147.11 2095.77 2128.17 2117.36 2060.95 2054.22 2071.69 2048.17
1679.84 1768.88 1764.64 1821.79 1923.65 1968.75 1985.42 2067.16 2136.27 2100.58 2062.92 2084.98 2097.75 2166.16 2185.08 2215.59 2218.25 2197.15 2213.96 2216.44 2172.32 2182.7 2218.54 2231.57 2222.56 2240.29 2260.94 2230.18 2197.75 2150.06 2129.43 2161.57 2124.81 2081.4 2074.89 2108.61 2099.63 2080.29 2074.28 2078.91 2111.93 2141.23 2176.05 2181.38 2162.35 2137.95 2100.39 2085.18 2096.51 2116.75 2123.21 2108.5 2096.04 2073.63 2114.08 2126.57 2124.88 2143.02 2158.28 2139.55 2078.08 2101.48 2096.89 2046.31 2006.02 1981.8 1998.41
1707.8 1800.77 1884.51 1891.82 1974.12 1951.81 1999.56 2073.7 2130.26 2106.94 2082.35 2105.93 2092.16 2152.92 2188.26 2200.5 2220.37 2213.34 2224.48 2225.57 2190.4 2177.56 2216.74 2239.77 2238.98 2251.26 2261.21 2221.69 2208.98 2185.91 2149.54 2156.69 2114.49 2124.99 2099.22 2136.82 2133.56 2117.04 2119.1 2098.21 2150.96 2164.66 2178.01 2165.47 2142.46 2122.88 2122.45 2105.48 2072.53 2086.74 2110.96 2092.95 2065.77 2079.15 2109.68 2112.8 2123.81 2140.65 2137.42 2120.57 2064.05 2101.34 2067.95 2062.37 2035.29 2004.44 1953.07
1708.68 1802.79 1923.79 1878.2 1916.64 1998.45 2063.75 2075.64 2115.14 2116.38 2094.73 2119.21 2102.72 2152.69 2186.52 2213.59 2225.17 2227.58 2222.32 2217.49 2199.49 2178.91 2186.3 2220.97 2228.81 2249.98 2264.91 2250.87 2256.14 2215.93 2190.28 2147.26 2124.46 2141.58 2121.92 2120.61 2158.42 2157.53 2143.48 2121.84 2141.41 2176 2177.26 2156.71 2161 2144.03 2135.97 2089.1 2114.35 2066.57 2094.35 2061.81 2046.16 2088.34 2102.43 2087.39 2107.35 2129.51 2135.33 2102.99 2054.54 2067.91 2036.03 2037.54 2015.14 2012.5 1975.52
1736.23 1803.89 1878.03 1826.56 1872.53 1936.34 2009.34 2051.39 2146.04 2143.9 2126.49 2144.94 2122.4 2123.1 2175.15 2197.29 2219.16 2237.62 2237.93 2231.26 2223.37 2195.88 2181.62 2202.98 2220.77 2240.58 2272.08 2282.06 2266.41 2234.94 2184.93 2176.67 2166.85 2160.15 2146.28 2148.61 2144.62 2159.62 2137.35 2154.7 2191.72 2196 2185.36 2179.56 2177.29 2161.88 2101.01 2120.64 2137.14 2094.87 2068.99 2070.4 2042.4 2083.6 2081.14 2088.8 2109.47 2121.29 2134.61 2120.59 2075.67 2040.57 2004.28 2008.95 1970.35 1946.62 1939.53
1758.44 1799.65 1828.36 1817.14 1860.12 1913.86 1979.29 2025.46 2048.88 2077.61 2135.31 2115.11 2139.07 2140.72 2156.41 2172.25 2181.2 2217.69 2244.19 2250.27 2236.85 2210.95 2191.15 2205.25 2219.82 2238.84 2268.84 2283.74 2261.68 2220.5 2229.25 2195.23 2204.79 2186.6 2178.78 2176.48 2156.78 2181.14 2168.92 2174.03 2214.81 2217.52 2194 2183.13 2173.85 2133.13 2136.86 2156.68 2140.22 2097.42 2044.11 2068.95 2033.4 2074.16 2062.8 2091.04 2120.87 2136.64 2140.36 2141.01 2144.66 2105.64 2022.43 1986.73 1948.07 1919.99 1894.65
1764.85 1790.36 1795.15 1826.04 1894.68 2024.67 2012.28 1947.69 1951.44 2042.92 2107.88 2085.9 2159.98 2179.29 2193.83 2216.24 2214.99 2198.77 2233.24 2259.92 2254.85 2240.59 2203.83 2201.66 2218.87 2243.26 2252.11 2264.15 2248.28 2238.95 2244.99 2226.39 2256.4 2230.13 2201.81 2178.21 2193.61 2218.09 2204.61 2196.8 2237.16 2214.59 2173.98 2178.22 2144.32 2159.35 2174.78 2169.03 2139.7 2106.6 2056.64 2020.86 2020.91 2030.08 2050.85 2090.62 2123.58 2153.33 2165.73 2153.77 2091.14 2098.78 2057.97 2028.71 1996.05 1960.68 1882.92
1744.08 1794.18 1821.97 1842.6 1933.94 1969.88 1918.59 1899.81 1997.64 2081.98 2085.42 2058.7 2110.18 2145.82 2198.95 2233.62 2237.16 2229.98 2257.58 2271.93 2277.69 2248.38 2211.47 2208.13 2217.32 2238.76 2237.07 2242.11 2226.98 2233.01 2244.21 2260.13 2278.28 2278.74 2237.29 2198.25 2227.88 2251.67 2241.24 2237.97 2237.26 2197.64 2213.98 2208.66 2196.34 2196.41 2194.2 2157.81 2116.93 2078.28 2047.2 2030.9 2021.23 2008.03 2045.02 2066.33 2092.27 2138.42 2146.01 2123.16 2066.64 2064.86 2031.89 2024.93 1985.96 1909.24 1864.22
1701.07 1762.46 1883.03 1857 1861.78 1879.35 1854.93 1942.45 2026.72 2056.42 2044.65 2058.33 2083.64 2122.51 2157.52 2218.05 2255.71 2247.61 2279.73 2298.02 2278.79 2250.69 2227.96 2217.64 2217 2222.49 2220.17 2224.11 2218.36 2223.11 2236.33 2251.69 2271.35 2299.1 2291.94 2228.79 2246.82 2280.48 2280.77 2262.06 2222.54 2214.17 2241.09 2237.69 2221.81 2210.49 2191.97 2140.2 2082.33 2093.08 2086.84 2060.29 2050.35 2009.59 2015.66 2044.57 2063.86 2103.68 2074.94 2036.3 1978.9 1998.62 1969.73 1942.62 1936.34 1897.26 1854.67
1690.21 1787.72 1856.47 1821.18 1828.78 1825.35 1849.58 1906.32 1938.76 1994.12 2005.99 2051.03 2079.3 2106.27 2147.53 2205.38 2267.64 2272.36 2294.32 2286.34 2267.61 2255.82 2244.8 2219.67 2217 2217.01 2217 2217.01 2217.01 2225.51 2248.8 2262.82 2279.89 2289.71 2294.05 2255.78 2243.08 2266.98 2257.68 2232.44 2227.27 2248.82 2251.95 2241.89 2223.98 2192.95 2153.1 2112.87 2133.66 2127.04 2102.48 2096.54 2075.78 2032.77 1989.59 2025.06 2027.51 2060.37 2035.23 1980.55 1933.83 1938.1 1920.79 1877.69 1907.42 1895.41 1839.15
1683 1739.03 1776.86 1785.7 1795.88 1827.36 1842.82 1856.68 1891.98 1919.94 1980.32 2031.36 2079.29 2108.74 2162.09 2190.26 2257.66 2303.49 2315.91 2312.4 2307.43 2281.67 2266.72 2236.2 2217.73 2217 2217 2217 2217 2217.02 2229.12 2248.73 2262.44 2256.35 2259.03 2262.76 2238.4 2248.93 2244.64 2240.36 2250.22 2260.53 2265.46 2241.16 2205.11 2172.87 2142.8 2155.05 2152.88 2122.05 2087.11 2080.49 2052.24 2031.58 1994.51 1982.67 1993.84 2018.29 1983.39 1959.5 1906.05 1895.23 1873.78 1865.19 1872.05 1860.15 1832.22
1751.81 1769.59 1783.93 1787.14 1831.36 1879.76 1890.76 1906.3 1959.84 1963.14 2008.28 2088.22 2133.02 2174.74 2171.36 2209.78 2224.1 2251.8 2314.25 2322.29 2322.44 2313.39 2292.61 2256 2227.4 2217 2217 2217 2217 2217 2217.3 2219.51 2234.76 2237.91 2264.92 2280.27 2254.84 2262.33 2269.43 2256.42 2267.15 2281.42 2283.65 2250.19 2224.96 2192.07 2170.35 2190.41 2156.62 2121.45 2087.75 2057.08 2018.4 1995.95 1985.18 1977.71 1963.26 1988.89 1954.14 1935.03 1889.85 1884.32 1910.02 1876.83 1851.77 1832.05 1798.53
1820.61 1847.77 1825.06 1846.56 1823.09 1893.51 1976.62 1988.01 2037.1 2025.98 2008.7 2069.36 2148.03 2192.4 2159.43 2155.06 2161.95 2221.25 2252.2 2307.14 2312.67 2322.42 2311.76 2275.64 2238.5 2220.2 2218.42 2217.18 2217 2217 2218.83 2217.22 2219.64 2231.03 2247.44 2259.35 2262.94 2273.22 2285.62 2271.64 2280.2 2303.94 2315.53 2286.81 2242.88 2200.48 2200.39 2195.71 2178.14 2130.16 2094.95 2055.48 2031.52 2041.79 2014.52 1991.33 1985.03 1974.42 1978.43 1926.93 1926.82 1936.77 1909.66 1898.6 1889.59 1800.05 1784.1
1847.96 1890.49 1894.51 1878.98 1850.04 1924.19 1987.26 1973.85 1997.33 2068.97 2068.9 2130.15 2180.46 2151.48 2134.93 2113.86 2155.75 2186.48 2246.73 2263.04 2301.15 2320.55 2316.57 2273.57 2242.13 2235.89 2232.42 2225.03 2217 2221.95 2232.18 2231.87 2232.28 2234.62 2238.74 2256.08 2289.62 2294.6 2303.88 2299.9 2297 2299.35 2315.13 2289.45 2251.12 2219.52 2194.59 2165.92 2161.79 2146.08 2099.57 2051.04 2067.92 2056.33 2030.63 2004.23 1997.29 1980.46 1987.24 1976.48 1960.67 1927.78 1910.05 1853.8 1838.9 1807.01 1752.23
1865.36 1895.48 1957.63 1932.83 1871.28 1875.58 1938 1968.61 2025.58 2119.57 2120.56 2128.26 2124.58 2103.48 2082.85 2121.04 2175.69 2241.25 2306.05 2301.77 2330.55 2329.65 2306.19 2277.17 2255.64 2250.12 2245.03 2236.06 2221.51 2229.36 2254.32 2256.82 2261.61 2247.15 2237.96 2262.71 2300.48 2319.4 2327.81 2334.96 2330.89 2315.13 2299.86 2280.34 2256.83 2222.48 2193.19 2180 2166.13 2127.13 2092.82 2074.06 2082.52 2079.66 2056.97 2025.9 2009.51 2010.37 2023.83 1997.9 1947.84 1927.55 1911.82 1897.49 1843.4 1789.6 1748.02
1894.71 1933.86 1997.93 2011.31 1944.91 1952.3 1963.12 2004.06 2060.74 2115.1 2090.03 2059.08 2058.49 2070.3 2098.13 2136.16 2212.44 2316.28 2336.03 2305.2 2336.56 2340.21 2322.23 2286.04 2261.95 2268.58 2261.88 2251.8 2233.89 2238.9 2262.14 2286.81 2288.4 2270.12 2243.79 2260.88 2296.11 2321.2 2334.57 2341.33 2336.64 2313.55 2299.69 2280.66 2251.82 2231.58 2221.9 2212.7 2171.61 2133.61 2123.49 2100.91 2084.86 2102.3 2074.75 2028.34 2023.27 2039.07 2048.49 2013.32 1992.96 1954.92 1919.54 1907.04 1856.55 1805.29 1684.96
1971.37 2009.68 2075.01 2110.58 2065.29 2007.91 1989.8 2022.38 2049.21 2110.68 2090.57 1978.56 2044.9 2116.55 2162.06 2144.42 2194.75 2259.68 2270.34 2294.17 2326.37 2333.12 2316.15 2274.75 2259.69 2278.72 2282.45 2261.39 2248.07 2240.67 2254.67 2287.52 2291.4 2268.9 2260.17 2259.73 2292.5 2318.57 2323.75 2329.18 2313.29 2295.1 2280.34 2296.52 2266.37 2244.72 2228.4 2220.59 2185.49 2165.84 2144 2116.81 2113.53 2083.33 2065.83 2032.53 2059.09 2063.03 2051.59 2042.4 1971.86 1907.77 1889.55 1823.37 1837.68 1794.75 1759.65
