DATA/COLIMA_0/inidata/topo.grd
DSAA
650 500
  -104.29962877814579000   -103.00162877814579000
    19.00196806742922100     19.99996806742922200
-98.3427 4230.73
[rows 270 to 299 of 500, columns 67 to 133 of 650]
2119.5 2136.63 2107.54 2156.75 2268.85 2292.95 2357.16 2369.24 2341.06 2400.22 2335.81 2238.14 2254.92 2222.47 2129.6 2052.57 2072.09 2129.87 2323.21 2240.35 2171.2 2116.03 2108.63 2191.31 2188.13 2218.74 2257.14 2235.26 2284.02 2261.14 2211.19 2201.1 2104.01 2113.46 2035.87 1985.2 1957.01 1898.29 1855.91 1796.23 1760.13 1708.72 1689.91 1695.5 1733.58 1686.05 1710.76 1617.26 1541.76 1460.21 1402.7 1383.71 1367.55 1342.17 1282.4 1278.34 1305.02 1345.31 1419.8 1474.39 1392.27 1392.69 1397.72 1420.5 1465.18 1528.55 1596.43
2276.63 2226.71 2237.33 2174.7 2262.92 2378.97 2448.64 2449.34 2427.44 2475.98 2393.75 2382.9 2311.71 2280.72 2223.94 2187.96 2204.76 2325.54 2390.13 2313.13 2304.6 2249.02 2196.44 2217.24 2314.42 2282.22 2364.45 2344.04 2338.5 2344.47 2301.26 2214.32 2224.26 2197.91 2118.95 2095.23 2081.7 1990.29 1937.78 1870.13 1770.23 1728.11 1690.2 1631.92 1635.42 1638.38 1655.67 1614.69 1566.25 1524.39 1452.25 1399.27 1350.91 1311.73 1291.65 1260.37 1244.16 1263.58 1297.41 1330.15 1323.98 1328.93 1334.2 1349.33 1385.15 1490.14 1616.09
2408.18 2398.56 2362.89 2313.79 2261.39 2346.87 2472.57 2547.34 2535.68 2578.59 2497.04 2447.08 2371.24 2336.71 2305.48 2365.08 2393.98 2473.02 2499.85 2479.44 2503.33 2453.62 2425.51 2416.94 2384.64 2408.98 2430.82 2442.86 2501.56 2421.62 2354.07 2439.66 2457.49 2407.34 2288.35 2244.33 2158.69 2019.39 1908.27 1870.85 1816.12 1751.41 1695.45 1652.24 1618.71 1561.82 1569.7 1570.63 1490.14 1449.4 1410.45 1345.75 1313.68 1297.76 1276.04 1253.11 1227.03 1218.99 1241.29 1248.45 1271.99 1277.26 1264.99 1288.56 1381.62 1479.51 1627.46
2428.5 2501.32 2498.35 2452.75 2442.55 2409.6 2391.03 2532.46 2610.65 2698.84 2572.58 2535.55 2428.37 2419.85 2410.25 2421.19 2530.43 2609.07 2736.9 2681.01 2656.69 2634.74 2637.19 2641.8 2563.41 2580.26 2607.84 2586.85 2641.74 2544.92 2512.52 2538.29 2572.48 2532.59 2346.65 2218.96 2137.78 2051.88 2036.81 2005.82 1870.08 1743.14 1682.58 1638.7 1610.59 1595.64 1556.51 1488.07 1492.17 1452.59 1379.78 1337.85 1307.89 1281.94 1259.98 1237.17 1217.83 1197.57 1184.06 1214.05 1229.66 1232.49 1213.6 1282.84 1364.26 1463.56 1599.38
2429.92 2544.9 2576.15 2572.7 2535.62 2534.28 2486.77 2536.02 2668.48 2784.52 2678.62 2551.41 2518.53 2489.5 2452.09 2507.4 2597.44 2743.92 2822.25 2804.32 2803.23 2796.18 2780.75 2743.51 2742.17 2709.23 2731.76 2736.35 2761.32 2653.45 2674.8 2652.85 2667.22 2556.8 2497.77 2414.35 2277.38 2167.83 2139.36 2010.33 1915.28 1798.21 1724.39 1707.49 1665.07 1609.6 1544.77 1529.97 1440.82 1421.9 1380.96 1414.77 1353.31 1330.09 1312.56 1285.23 1231.18 1193.27 1168.81 1158.18 1160.93 1165.1 1202.09 1262.44 1353.63 1439.65 1538.04
2483.59 2590.98 2630.43 2661.65 2635.12 2633.05 2610.01 2659.19 2741.4 2790.12 2636.78 2567.86 2586.46 2580.12 2545.77 2601.9 2707.61 2793.3 2816.98 2789.14 2779.44 2774.46 2762.87 2744.85 2723.31 2691.04 2686.41 2718.65 2784.01 2838.81 2849.52 2743.18 2632.39 2653.94 2685.23 2593.11 2459.62 2369.99 2237.68 2134.02 1988.4 1891.79 1800.87 1727.89 1641.47 1623.78 1625.66 1570.97 1513.95 1505.12 1474.83 1446.53 1476.05 1376.01 1379.78 1318.46 1241.84 1259.64 1187.75 1154.42 1136.68 1125.35 1137 1176.71 1283.07 1406.78 1502.93
2538.06 2612.94 2706.51 2733.48 2780.7 2748.61 2787.83 2760.48 2845.03 2824.83 2710.68 2672.9 2758.9 2714.15 2688.47 2760.65 2834.98 2817.03 2784.46 2760.68 2770.61 2751.38 2732.54 2744.67 2695.96 2660.77 2681.25 2704.31 2756.44 2811.09 2836.33 2750.81 2562.74 2438.72 2420.81 2448.91 2478.09 2418.59 2288.68 2168.3 2040.71 1912.32 1797.93 1749.73 1666.79 1617.67 1577.73 1572.64 1571.43 1590.6 1603.08 1585.53 1548.28 1467.5 1373.65 1295.12 1284.81 1262.34 1252.71 1247.35 1188.68 1130.06 1104.89 1125.98 1198.6 1339.33 1457.11
2606.53 2564.01 2640.59 2771.51 2800.13 2769.92 2836.94 2838.67 2829.67 2871.62 2838.31 2805.73 2817.27 2768.74 2731.12 2784.96 2838.34 2799.53 2772.2 2730.92 2730.37 2694.21 2684.1 2698.15 2674.21 2651.87 2691.61 2751.83 2789.29 2822.55 2848.35 2794.7 2622.8 2459.78 2309.64 2279.9 2291.59 2333.18 2240.26 2101.73 2015.51 1972.6 1872.78 1758.15 1667.37 1607.96 1577.63 1544.18 1488.45 1455.59 1452.86 1431.09 1427.76 1410.62 1418.63 1395.6 1370.46 1300.89 1348.22 1341.71 1232.75 1144.96 1089.53 1089.79 1145.75 1273.96 1362.42
2685.44 2620.38 2684.47 2759.94 2772.89 2755.78 2777.07 2764.66 2823.38 2817.26 2793.54 2780.88 2752.43 2747.65 2721.45 2789.63 2841.31 2816.22 2769.55 2744.93 2686.1 2665.2 2645.45 2623.9 2630.18 2645.74 2707.5 2744.7 2773.26 2802.06 2828.42 2834.26 2756.61 2565.57 2398.44 2244.18 2129.39 2161.21 2200.8 2179.11 2077.6 2006.33 1922.95 1832.44 1779.28 1698.5 1683.29 1584.69 1531.96 1538.33 1472.94 1414.1 1351.63 1314.74 1317.09 1330.31 1391.51 1404.08 1394.97 1336.1 1300.83 1233.22 1106.22 1073.35 1101.57 1207.51 1274.47
2756.96 2719.7 2689.91 2680.94 2719.1 2708.6 2703.47 2774.89 2831.66 2782.84 2762.56 2770.42 2725.75 2715.81 2702.07 2768.76 2809.13 2802.45 2755.42 2739.24 2728.38 2717.39 2687.42 2655.47 2603.39 2637.47 2688.3 2696.88 2723.69 2777.97 2792.54 2758.85 2761.87 2663.35 2438.5 2277.52 2166.39 2054.59 2031.66 2016.68 2028.24 1961.45 1889.55 1777.11 1706.41 1685.51 1631.89 1586.88 1590.95 1618.12 1605.02 1483.84 1435.1 1350.21 1325.13 1254.79 1317.15 1345.68 1317.49 1249.7 1190.18 1197.38 1112.72 1058.24 1073.74 1140.28 1239.45
2737.07 2747.98 2695.7 2640.23 2667.57 2666.18 2663.7 2726.9 2824.26 2795.21 2747.79 2739.47 2717.3 2685.78 2671.9 2723.17 2753.24 2783.67 2748.14 2714.3 2713.4 2700.33 2701.99 2675.03 2605.33 2602.2 2636.06 2652.43 2682.52 2749.02 2693.61 2670.99 2681.56 2570.38 2330.29 2197.31 2094.86 2040.29 1992.42 1937.44 1890.11 1890.58 1855.96 1866.91 1758.5 1718.16 1679.93 1702.48 1680.91 1715.99 1676.36 1577.78 1516.97 1433.3 1344.19 1270.88 1211.77 1235.71 1201.42 1210.71 1202.85 1133 1097.02 1051.09 1044.46 1108.68 1190.95
2720.56 2724.17 2666.99 2650.91 2609.07 2632.77 2634.23 2708.1 2803.55 2823.85 2791.58 2767.91 2745.34 2707.94 2658.25 2687.42 2738.56 2773.68 2740.81 2706.58 2678.01 2653.54 2645.97 2624.53 2586.79 2599.81 2630.88 2633.84 2659.25 2688.62 2669.78 2588.7 2514.17 2399.93 2281.89 2236.78 2175.34 2233.16 2128.1 2080.92 1992.96 2038.28 2041.38 1947 1880.6 1778.65 1809.04 1745.32 1695.56 1658.89 1670.9 1596.87 1517.2 1429.2 1357.05 1297.3 1234.67 1186.91 1156.82 1137.31 1115.7 1090.78 1071.81 1052.58 1023.84 1073.53 1146.35
2700.55 2689.3 2641.12 2612.66 2591.85 2581.28 2625 2699.99 2780.38 2818.38 2803.84 2768.98 2730.64 2704.82 2654.64 2666.14 2716 2755.55 2769.38 2726.5 2692.3 2660.27 2627.95 2579.68 2586.56 2622.83 2643.56 2659.29 2670.57 2674.47 2619.81 2551.82 2485.42 2435.6 2392.95 2320.55 2270.19 2328.7 2238.43 2173.53 2123.13 2131.75 2085.03 2032.15 1933.8 1838.78 1803.69 1723.85 1653.76 1599.37 1589.63 1553.54 1454.07 1390.35 1350.58 1274.7 1252.9 1251.1 1205.52 1161.08 1123.09 1086.86 1069.37 1045.21 1017.27 1014.36 1122.74
2681.31 2667.32 2624.04 2594.47 2562.6 2575.82 2623.09 2659.76 2717.67 2785.12 2794.58 2768.59 2757.6 2726.78 2678.86 2647.5 2701.25 2744.2 2760.66 2709.81 2678.19 2631.71 2587.7 2568.98 2594.21 2616.11 2639.11 2667.85 2689.15 2686.02 2668.57 2658.17 2637.92 2627.99 2528.21 2459.82 2433.08 2478.69 2397.2 2314.05 2298.37 2238.5 2148.09 2056.24 1987.16 1908.18 1780.64 1690.6 1629.33 1586.45 1539.91 1508.56 1472.28 1464.98 1443.33 1398.92 1333.13 1321.29 1261.96 1198.48 1215.83 1154.91 1068.45 1042.84 1017.17 992.645 1079.57
2669.97 2666.88 2623.73 2572.66 2520.52 2546.64 2581.31 2654 2701.72 2773.43 2780.35 2772.11 2764.24 2729.32 2691.63 2648.45 2651.59 2698.92 2730.84 2658.88 2648.81 2616.15 2559.15 2591.37 2621.1 2635.67 2643.81 2668.75 2694.63 2727.05 2668.15 2603.45 2597.44 2617.2 2701.2 2649.25 2635.68 2641.03 2527.42 2414.54 2339.14 2221.33 2084.54 1973.97 1958.61 1873.4 1795.11 1746.83 1656.5 1624.56 1605.23 1547.48 1539.1 1562.53 1500.2 1417.01 1400.18 1365.29 1287.35 1260.52 1228.61 1182.15 1102.89 1041.8 1004.11 979.887 1003.46
2645.11 2650.47 2632.06 2571.53 2515.37 2565.47 2615.8 2649.43 2704.95 2751.89 2756.33 2727.09 2697.42 2676.53 2651.25 2625.31 2619.26 2654.28 2631.53 2600.41 2578.51 2561.14 2559.97 2584.22 2615.4 2607.45 2578.66 2614.54 2596.96 2622.72 2646.16 2617.03 2512.95 2522.28 2580.78 2609.83 2739.01 2632.58 2439.92 2263.6 2153.86 2063.36 2009.33 1945.37 1860.47 1791.55 1750.27 1710.66 1664.89 1610.67 1576.11 1568.96 1632.94 1597.75 1548.24 1509.08 1463.24 1363.53 1262.55 1208.03 1142.49 1106.99 1087.27 1074.74 1030.46 972.33 983.901
2595.09 2574.61 2559.74 2519.1 2531.71 2586.42 2671.09 2689.86 2716.63 2736.14 2759.73 2733.53 2721.11 2710.34 2707.48 2672.51 2616.82 2580.33 2547.94 2529.73 2522.27 2567.8 2581.9 2602.8 2617.33 2505.48 2423.91 2461.82 2456 2488.97 2535.03 2570.84 2502.44 2424.15 2463.15 2553.68 2648.69 2522.89 2321.54 2175.61 2105.95 2025.79 1966.3 1887.54 1837.87 1818.37 1785.37 1723.93 1685.14 1658.31 1629.6 1644.46 1670.56 1654.18 1602.77 1503.06 1395.98 1289.62 1227.92 1207.99 1178.65 1130.22 1064.08 1036.26 1058.4 961.304 964.08
2516.98 2499.18 2489.78 2478.98 2532.78 2579.51 2647.83 2727.89 2737.49 2737.39 2742.84 2737.27 2721.89 2699.83 2702.43 2692.11 2624.37 2536.99 2487.61 2490.46 2585.92 2598.13 2605.17 2616.15 2629.8 2603.86 2484.87 2337.52 2296.43 2363.77 2410.38 2417.32 2415.93 2325.47 2357.36 2430.71 2506.33 2478.85 2402.08 2341.61 2254.15 2181.67 2093.36 2032.75 1958.39 1856 1842.3 1768.14 1683.95 1700.62 1687.19 1686.77 1645.73 1658.57 1614.95 1558.67 1485.44 1372.77 1282.99 1233.26 1197.92 1143.86 1055.37 1011.02 1010.56 988.75 940.987
2519.79 2516.79 2505.42 2468.43 2507.95 2550.84 2617.09 2700.04 2701.1 2719.2 2691.32 2697.45 2700.3 2698.87 2682.68 2692.91 2648.97 2569.35 2491.77 2448.14 2562.33 2619.51 2614.59 2597.63 2581.22 2509.45 2443.27 2302.11 2202.9 2187.4 2194.28 2263.55 2288.58 2207.5 2257.1 2387.39 2398.87 2446.63 2392.25 2271.08 2236.92 2255.99 2208.73 2061.25 1933.37 1811.01 1717.39 1717.47 1608.51 1624.7 1611.63 1613.52 1607.89 1580.46 1547.55 1487.51 1449.25 1355.42 1229.11 1144.32 1090.82 1065.07 1034.58 974.167 987.733 1062.05 939.828
2538.71 2537.88 2516.15 2469.69 2483.27 2540.39 2625.78 2668.32 2672.19 2711.21 2682.29 2671.02 2679.01 2700.45 2706.75 2607.15 2501.13 2459.15 2424.95 2430.61 2561.85 2612.51 2591.98 2557.62 2463.27 2367.5 2286.63 2217.15 2171.5 2128.19 2114.11 2192.94 2227.66 2200.76 2043.92 2122.28 2304.83 2320.96 2316.35 2295.49 2139.31 2113.39 2044.79 2040.52 1993.44 1900.26 1743.8 1609.68 1578.24 1555.4 1535.13 1556.53 1574.19 1602.09 1551.36 1486.83 1425.91 1376.94 1268.92 1172.28 1131.28 1029.78 990.729 961.428 950.578 963.431 910.473
2490.16 2491.93 2501.64 2495.99 2455.05 2527.41 2582.2 2616.95 2668.76 2718.53 2686.57 2694.89 2651.27 2705.85 2672.19 2509.33 2434.94 2382.14 2409.28 2483.73 2574.78 2581.18 2577.57 2549.03 2470.03 2457.39 2349.8 2260.57 2120.64 2059.33 2031.79 2104.21 2062.81 2077.39 1962.16 2070.87 2259.66 2171.51 2203.56 2192.43 2088.66 1964.82 1894.52 1863.2 1841.08 1771.71 1685.25 1635.76 1545.37 1481.02 1474.57 1467.73 1513.33 1523.25 1526.67 1446.49 1343.32 1330.28 1260.63 1150.39 1096.58 1068.78 974.613 930.911 911.785 896.875 912.149
2378.65 2390.72 2416.37 2450.72 2373.26 2422.6 2461.54 2516.81 2609.09 2721.96 2728.35 2730.65 2640.07 2616.67 2610.87 2506.09 2381.45 2347.96 2482.41 2541.92 2562.93 2575.04 2567.88 2560.13 2508.03 2360.53 2229.11 2179.48 2114.06 2060.33 1967.07 1984.79 1948.19 1934.47 1892.32 1989.99 2083.23 2055 2006.08 2059.12 1988.89 1887.07 1844.47 1766.3 1750.91 1809.55 1713.52 1612.63 1547.25 1501.07 1434.03 1406.5 1427.83 1472.99 1424.55 1411.07 1302.2 1205.26 1149.96 1083.5 1029.42 991.972 959.56 922.506 877.032 918.334 960.333
2319.71 2236.31 2264.96 2333.78 2325.69 2400.26 2455.26 2511.37 2581.89 2646.19 2690.73 2676.31 2632.34 2591.89 2501.97 2422.62 2389.17 2338.09 2494.88 2533.1 2545.7 2541.67 2541.16 2488.44 2375.6 2296.9 2249.9 2217.85 2144.18 2058.1 1968.4 1913.88 1856.29 1821.33 1810.76 1908.42 2009.03 2047.43 1915.82 1935.64 1994.51 2029.03 1953.63 1790.62 1700.56 1755.12 1773.79 1705.77 1630.59 1558.17 1474 1400.84 1352.03 1424.06 1360.89 1355.63 1339.74 1278.22 1182.62 1140.75 1104.92 1035.73 995.411 947.422 864.279 857.274 924.219
2354.25 2204.51 2183.91 2254.27 2235.01 2270.18 2296.6 2377.28 2420.86 2456.43 2533.99 2564.19 2580.47 2595.45 2465.2 2333.98 2315.71 2417.26 2506.34 2521.89 2528.87 2538.25 2541.59 2512.84 2425.49 2308.07 2255.25 2216.63 2164.23 2072.49 1988.74 1933.31 1916.21 1878.6 1779.17 1758.11 1836.92 1915.42 1985.41 1844.23 1833.4 1905.82 1905.3 1802.76 1700.47 1651.31 1708.87 1785.6 1640.67 1550.29 1469.53 1396.9 1318.69 1368.1 1377.72 1305.25 1265.72 1269.24 1280.92 1201.21 1172.21 1136.22 1092.89 997.504 894.143 844.603 877.925
2339.84 2261.53 2131.52 2108.08 2191.67 2168.79 2177.41 2263.41 2261.51 2290.17 2356.47 2471.94 2541.15 2521.68 2460.09 2263.52 2373.14 2437.26 2486.85 2500.9 2505.73 2521.86 2509.05 2370.02 2283.2 2326.36 2268.62 2234.21 2156.85 2091.21 2077.34 2055.85 2053.59 2000.33 1822.51 1710.19 1731.29 1787.02 1861.33 1878.79 1733.57 1775.27 1752.32 1677.09 1680.95 1580.61 1659.5 1774.89 1665.19 1505.49 1419.13 1373.38 1312.33 1283.02 1306.84 1323.56 1265.83 1207.83 1231.24 1149.97 1073.23 1054.07 1006.35 945.584 889.483 842.173 858.835
2261.66 2316.98 2204.89 2086.39 2037.72 2052.76 2090.25 2144.59 2132.96 2145.91 2260.05 2379.42 2464.31 2374.05 2280.65 2246 2363.14 2495.33 2488.8 2504.31 2512.2 2510.23 2384.57 2279.96 2162.05 2156.35 2220.91 2334.44 2324.39 2251.57 2184.75 2142.55 2040.72 1963.16 1819.07 1711.23 1655.62 1655.57 1715.03 1784.21 1760.31 1660.54 1638.01 1600.1 1556.58 1535.71 1548.47 1662.31 1569.93 1469.1 1394.09 1341.93 1303.76 1277.12 1225.2 1261.56 1215.27 1171.54 1168.89 1162 1083.22 1002.13 954.928 917.386 883.104 856.291 810.534
2148.66 2202.62 2197.59 2112.62 1992.35 1950.67 2046.04 2025.21 2032.93 2128.72 2289.81 2362.86 2295.27 2219.85 2159.07 2255.06 2384.34 2477.64 2510.07 2539.86 2525.84 2307.22 2230.62 2121.06 2122.92 2049.83 2068.05 2152.37 2235.26 2145.1 2055.88 1986.11 1910.92 1882.05 1832.42 1756.25 1700.28 1600.46 1613.63 1698.91 1769.38 1649.64 1581.31 1580.38 1549.47 1447.33 1522.16 1684.81 1631.91 1529.13 1408.19 1331.51 1279.43 1220.72 1180.92 1214.31 1205.14 1159.16 1122.84 1071.9 1054.72 1035.63 975.87 901.615 878.932 863.857 842.511
2048.05 2080.52 2133.73 2034.93 2001.32 1931.91 1915.61 1968.96 2069.04 2149.79 2153.94 2234.1 2161.68 2121.52 2170.02 2249.61 2406.75 2462.18 2501.74 2505.62 2410.68 2236.45 2078.69 2011.15 1989.13 1985.31 1947.09 2025.75 2186.34 2195.68 2075.66 1996.7 1952.2 1847.76 1788.87 1808.58 1783.99 1666.15 1553.76 1555.31 1626.53 1607.96 1513.24 1489.69 1500.76 1406.55 1446.24 1583.55 1725.9 1607.72 1433.25 1356.35 1346.32 1274.01 1185.12 1140.46 1193.05 1212.39 1167.1 1068.35 982.788 955.998 927.523 891.979 864.313 859.256 856.671
2022.96 1975.92 2046.15 2015.49 1928.97 1901.18 1853.18 1968.42 2060.6 2062.14 2058.87 2152.28 2104.68 2058.02 2166.95 2257.9 2400.77 2475.48 2492.39 2427.19 2356.98 2341.98 2098.57 1984.41 1904.45 1885.49 1874.82 1921.85 2042.5 2190.27 2236.3 2146.63 2060.41 1936.18 1811 1723 1703.01 1696.13 1585.66 1502.49 1510.81 1512.44 1504.13 1404.53 1422.59 1382.79 1400.47 1494.78 1627.31 1484.95 1413.7 1315.32 1256.8 1320.86 1228.65 1130.39 1110.13 1168.7 1091.8 1058.7 999.534 936.163 897.783 879.097 861.107 848.664 841.389
2004.8 1969.43 1923.16 1994.7 1954.1 1830.87 1839.37 1934.64 1959.85 1972.89 1986.54 2058.13 1992.51 2055.22 2121.24 2182.88 2288.67 2337.79 2313.86 2348.97 2206.99 2139.42 2126.86 2038.65 1968.8 1830.07 1809.37 1890.41 2001.63 2152.07 2212.47 2090.13 2024.32 1929.96 1849.53 1775.29 1706.44 1619.67 1568.35 1513.99 1465.01 1447.61 1491.83 1398.52 1336.73 1325.87 1317.93 1399.26 1508.86 1378.23 1296.78 1249.17 1199 1219.04 1228.19 1150.58 1074.81 1082.76 1086.27 1031.09 975.364 937.968 909.723 890.043 882.01 890.53 918.143
